%% File generated by CATS v.2.1Fri May 15 12:39:00 2026

%% The CATS webpage is http://robotics.stanford.edu/CATS

%% PARAMETER SETTINGS:
% Goods: 30; Bids: 100; Distribution: arbitrary; Runs: 1; Seed: 1
% Arbitrary Distribution Parameters:
% Max Substitutable Bids = 5
% Removing HV Neighbor   = 0.1
% Adding DIAG Neighbor   = 0.2
% Additional Location    = 0.9
% Additivity             = 0.2
% Budget Factor          = 1.5
% Resale Factor          = 0.5
% Uniform Private Value:
%   Deviation            = 0.5
%   Max Good Value       = 100



goods 30
bids 100
dummy 20

0	183711	4	28	30	#
1	178558	4	14	30	#
2	163001	7	28	30	#
3	707502	3	9	10	11	13	14	15	20	26	31	#
4	683918	5	6	9	11	13	16	20	21	23	31	#
5	677536	4	5	6	7	9	13	15	16	20	31	#
6	644539	1	3	4	5	7	9	19	23	25	31	#
7	610920	0	3	4	11	13	14	20	21	26	31	#
8	604022	3	4	11	13	14	16	23	26	29	31	#
9	197888	0	2	20	32	#
10	247851	7	20	27	32	#
11	171782	0	2	7	32	#
12	126710	0	16	21	32	#
13	656180	5	9	12	19	23	24	25	27	33	#
14	683429	5	12	14	18	20	24	27	29	33	#
15	630815	2	3	5	12	17	23	27	28	33	#
16	608205	3	10	15	19	23	24	25	29	33	#
17	585972	3	5	7	9	14	17	18	25	33	#
18	544160	2	3	10	12	16	17	18	27	33	#
19	209389	2	9	22	26	34	#
20	211630	0	1	9	26	34	#
21	206141	15	21	26	29	34	#
22	182071	2	16	19	28	34	#
23	668966	2	3	4	6	7	8	12	26	27	35	#
24	773988	0	3	9	12	15	18	24	27	29	35	#
25	681877	1	2	3	4	5	12	15	27	29	35	#
26	673060	6	8	13	14	15	20	22	24	28	35	#
27	635704	5	7	8	9	10	20	22	23	24	35	#
28	584706	3	7	11	12	13	15	16	19	22	35	#
29	1070164	1	2	3	4	5	7	9	10	11	12	13	15	17	19	24	25	26	29	36	#
30	1173541	1	2	3	7	8	9	10	11	12	13	16	21	22	23	25	26	27	29	36	#
31	1170770	2	3	4	5	7	9	10	12	15	17	19	20	21	22	23	25	27	29	36	#
32	1142774	1	2	3	4	6	7	9	10	12	13	14	15	16	19	21	25	26	29	36	#
33	1134320	1	3	4	7	8	9	10	11	12	13	16	17	20	21	23	25	26	27	36	#
34	1123875	1	2	3	4	7	10	11	12	13	16	17	19	21	23	25	26	27	28	36	#
35	320605	1	4	9	19	37	#
36	355965	5	9	15	19	37	#
37	285917	4	11	17	25	37	#
38	279276	1	11	24	25	37	#
39	215115	1	15	19	21	37	#
40	489665	7	8	10	20	27	28	38	#
41	458122	4	9	13	16	24	28	38	#
42	451327	5	8	15	20	21	26	38	#
43	358061	0	2	11	15	20	26	38	#
44	338602	1	15	17	21	27	28	38	#
45	290086	0	4	7	14	18	29	38	#
46	1619884	0	1	2	4	5	6	7	9	10	11	12	14	17	18	19	20	21	22	23	25	27	28	29	39	#
47	1670691	0	1	2	4	5	7	8	9	10	11	12	14	15	17	19	20	21	22	23	24	25	27	29	39	#
48	1652317	0	1	2	4	5	6	8	9	10	11	12	14	15	17	19	20	21	22	23	25	27	28	29	39	#
49	1648082	0	1	2	4	5	9	10	11	12	14	15	17	19	20	21	22	23	24	25	26	27	28	29	39	#
50	1641174	0	1	2	4	7	9	10	11	12	14	15	17	18	19	20	21	22	23	24	25	27	28	29	39	#
51	1634612	0	1	2	4	5	7	9	10	11	12	14	15	17	18	19	20	21	22	23	24	27	28	29	39	#
52	149666	2	15	17	27	40	#
53	218156	1	15	25	28	40	#
54	174139	2	4	5	22	40	#
55	76093	10	#
56	1021982	0	3	4	9	10	11	13	14	17	18	21	23	24	25	26	41	#
57	1136982	3	6	7	8	9	12	13	15	17	18	21	23	24	25	26	41	#
58	1077104	0	3	6	7	8	9	10	11	13	14	17	18	19	24	26	41	#
59	1065891	0	2	3	6	7	8	11	13	19	21	23	24	25	26	29	41	#
60	1053317	0	3	7	8	9	11	13	14	16	21	23	24	25	26	29	41	#
61	1047921	2	3	5	7	10	11	12	13	14	17	20	23	24	25	28	41	#
62	161930	25	29	42	#
63	126957	1	25	42	#
64	108344	26	29	42	#
65	271543	10	19	22	24	43	#
66	364341	0	10	24	25	43	#
67	266048	0	10	21	29	43	#
68	231069	8	13	19	24	43	#
69	202833	1	15	16	22	43	#
70	197659	2	3	17	25	44	#
71	294483	6	16	17	23	44	#
72	260229	3	19	23	26	44	#
73	226975	0	17	25	27	44	#
74	220023	2	6	22	26	44	#
75	155353	2	8	22	26	45	#
76	228388	8	16	21	29	45	#
77	144406	8	17	19	26	45	#
78	284533	14	15	19	28	46	#
79	422282	3	10	24	28	46	#
80	312620	2	3	6	15	46	#
81	262415	10	14	17	29	46	#
82	251715	10	19	21	23	46	#
83	1958653	0	1	2	3	4	5	6	7	8	9	10	11	12	13	14	15	16	17	18	19	20	21	22	23	24	25	26	27	28	29	#
84	473541	6	8	10	13	14	21	22	29	47	#
85	705013	3	4	5	6	10	27	28	29	47	#
86	676114	3	5	9	11	13	20	27	29	47	#
87	604006	3	7	8	13	19	21	27	29	47	#
88	592747	3	8	12	15	16	21	28	29	47	#
89	515184	6	7	8	9	15	19	21	23	47	#
90	292768	10	27	29	48	#
91	280975	20	27	28	48	#
92	272862	10	23	24	48	#
93	184097	13	14	29	48	#
94	687406	0	4	7	8	10	11	14	15	18	23	24	27	29	49	#
95	860070	1	2	3	4	7	9	10	11	13	16	19	21	27	49	#
96	848579	2	3	4	5	7	8	9	11	12	15	19	23	29	49	#
97	828109	3	5	7	11	12	17	18	21	23	24	25	27	29	49	#
98	793848	3	4	9	11	13	14	15	21	22	26	27	28	29	49	#
99	767518	2	3	5	7	10	11	14	16	17	18	21	24	29	49	#
