%% File generated by CATS v.2.1Fri May 15 12:39:00 2026

%% The CATS webpage is http://robotics.stanford.edu/CATS

%% PARAMETER SETTINGS:
% Goods: 30; Bids: 100; Distribution: arbitrary; Runs: 1; Seed: 2
% Arbitrary Distribution Parameters:
% Max Substitutable Bids = 5
% Removing HV Neighbor   = 0.1
% Adding DIAG Neighbor   = 0.2
% Additional Location    = 0.9
% Additivity             = 0.2
% Budget Factor          = 1.5
% Resale Factor          = 0.5
% Normal Private Value:
%   Mean                 = 0
%   Standard Deviation   = 30



goods 30
bids 100
dummy 18

0	718115	1	4	5	6	8	11	12	13	14	15	16	21	23	24	25	26	28	30	#
1	1007482	1	2	5	7	8	9	10	11	13	18	20	21	23	24	26	27	28	30	#
2	861217	1	2	6	8	11	12	13	15	16	17	18	20	21	22	23	27	28	30	#
3	849189	0	1	3	5	7	11	13	15	17	18	20	21	23	25	27	28	29	30	#
4	833109	0	1	3	5	6	9	11	12	15	18	20	21	23	24	26	28	29	30	#
5	828568	0	1	6	7	8	9	10	11	12	13	16	20	21	24	25	26	27	30	#
6	963894	0	1	2	3	4	6	8	9	11	12	14	15	16	17	18	19	23	24	25	26	29	31	#
7	1187982	0	2	3	4	6	8	9	11	13	14	15	16	18	19	21	22	23	24	25	26	28	31	#
8	1160275	0	2	3	4	6	9	10	11	12	14	15	16	18	19	21	22	23	24	25	26	27	31	#
9	1152091	0	2	3	4	6	7	8	9	10	11	14	15	16	18	19	21	22	24	25	26	28	31	#
10	1134157	0	2	4	6	7	9	11	12	14	15	16	18	19	20	21	22	24	25	26	28	29	31	#
11	1128372	0	2	3	4	6	9	10	11	12	15	16	17	18	19	22	23	24	25	26	28	29	31	#
12	1140441	1	2	3	5	7	8	9	13	15	20	21	23	24	26	27	28	29	32	#
13	1082775	1	3	7	8	10	11	13	15	19	22	23	24	25	26	27	28	29	32	#
14	999735	0	1	5	6	7	8	10	12	13	18	19	21	24	25	26	28	29	32	#
15	998740	1	3	5	7	8	12	13	15	16	17	18	23	24	25	27	28	29	32	#
16	988700	0	3	5	6	7	10	13	15	16	17	19	20	21	22	24	26	28	32	#
17	982697	1	3	7	8	9	10	12	13	15	19	21	22	24	25	27	28	29	32	#
18	1299524	0	1	2	3	4	5	6	7	8	9	10	11	12	13	14	15	16	17	18	19	20	21	22	23	24	25	26	27	28	29	#
19	548223	0	2	3	6	8	24	26	27	33	#
20	618354	1	2	4	5	8	15	23	27	33	#
21	576690	7	10	15	18	19	23	24	25	33	#
22	563832	1	2	3	9	17	19	20	27	33	#
23	505550	0	16	18	19	20	23	24	26	33	#
24	404857	8	10	11	15	19	20	27	28	33	#
25	144936	1	16	21	34	#
26	143570	5	21	25	34	#
27	120646	1	5	19	34	#
28	112779	12	15	16	34	#
29	253438	0	5	7	19	23	35	#
30	295975	0	19	22	26	28	35	#
31	258930	2	7	15	20	26	35	#
32	209701	5	10	19	24	28	35	#
33	205550	1	10	16	20	23	35	#
34	331593	3	8	12	14	20	27	28	36	#
35	448872	0	6	7	14	19	27	28	36	#
36	446099	1	5	8	13	19	20	27	36	#
37	397517	6	13	15	17	22	24	27	36	#
38	393884	0	6	12	13	17	20	26	36	#
39	311914	3	10	11	13	16	21	28	36	#
40	134456	5	25	26	37	#
41	189445	9	25	28	37	#
42	107201	3	5	25	37	#
43	5337	21	29	#
44	434028	1	4	5	7	9	11	14	16	27	38	#
45	514551	2	5	8	11	16	23	24	25	28	38	#
46	498289	6	7	9	11	16	19	21	22	27	38	#
47	470352	5	9	10	11	14	16	21	23	29	38	#
48	458950	1	9	13	20	22	24	25	28	29	38	#
49	456813	2	4	7	8	14	15	20	24	27	38	#
50	435874	6	8	18	19	21	27	39	#
51	408661	11	12	15	18	19	27	39	#
52	367627	6	7	14	15	17	19	39	#
53	367239	3	14	15	19	20	24	39	#
54	328153	0	2	13	15	16	21	39	#
55	221554	0	3	8	14	27	29	39	#
56	85876	10	#
57	262895	0	10	14	17	25	29	40	#
58	341829	2	6	10	17	27	28	40	#
59	332819	0	2	6	10	13	17	40	#
60	315749	11	14	17	23	27	29	40	#
61	313648	3	6	14	17	21	28	40	#
62	305627	4	7	11	23	25	28	40	#
63	53407	23	#
64	220121	0	6	15	24	41	#
65	190293	6	11	14	20	41	#
66	171021	13	20	24	25	41	#
67	149768	0	3	14	28	41	#
68	48155	25	#
69	1181770	0	3	5	7	8	9	10	12	13	14	16	20	21	22	23	24	25	27	28	29	42	#
70	1175070	0	2	3	5	6	7	8	9	10	13	15	16	17	19	20	21	24	25	26	28	42	#
71	1159225	0	2	5	7	8	9	12	13	16	17	18	19	20	23	24	25	26	27	28	29	42	#
72	1159080	3	7	8	9	10	12	13	14	16	17	18	20	21	22	23	24	25	26	27	28	42	#
73	1129834	0	3	5	6	7	9	10	12	13	14	16	18	21	23	24	25	26	27	28	29	42	#
74	1103936	1	2	3	5	7	8	9	10	13	14	15	17	18	20	22	23	24	25	28	29	42	#
75	127141	4	20	28	43	#
76	96013	4	18	20	43	#
77	81386	4	12	13	43	#
78	1081026	0	1	2	3	4	5	6	7	9	10	11	12	14	15	16	18	19	20	21	23	24	25	26	28	29	44	#
79	1181690	0	2	3	4	5	6	7	8	9	10	11	14	15	16	18	19	20	21	23	24	25	26	27	28	29	44	#
80	1176877	0	1	2	3	4	6	8	9	10	11	14	15	16	17	18	19	20	21	22	23	24	25	26	27	28	44	#
81	1163032	0	1	2	3	4	5	6	9	10	11	14	15	16	17	18	19	20	21	22	23	25	26	27	28	29	44	#
82	1151705	0	1	2	3	4	5	6	9	11	13	14	15	16	17	18	19	20	21	22	23	24	26	27	28	29	44	#
83	1150365	1	2	3	4	5	6	8	9	10	11	12	14	15	16	17	18	19	20	21	22	23	24	25	26	27	44	#
84	328660	5	7	8	10	21	27	45	#
85	448257	1	2	5	16	20	23	45	#
86	289843	2	4	5	8	15	21	45	#
87	283072	8	14	17	22	27	28	45	#
88	231324	5	8	15	22	25	29	45	#
89	223841	1	10	14	16	25	26	45	#
90	207705	1	18	23	26	46	#
91	251923	0	1	9	18	46	#
92	152891	7	15	17	26	46	#
93	141977	4	18	24	29	46	#
94	133692	8	10	23	28	46	#
95	317706	10	11	16	18	22	28	47	#
96	435830	0	9	10	13	15	28	47	#
97	377757	5	10	14	15	23	28	47	#
98	358141	4	5	10	14	18	19	47	#
99	321006	5	9	11	17	22	28	47	#
