%% File generated by CATS v.2.1Fri May 15 12:39:00 2026

%% The CATS webpage is http://robotics.stanford.edu/CATS

%% PARAMETER SETTINGS:
% Goods: 30; Bids: 100; Distribution: arbitrary; Runs: 1; Seed: 3
% Arbitrary Distribution Parameters:
% Max Substitutable Bids = 5
% Removing HV Neighbor   = 0.1
% Adding DIAG Neighbor   = 0.2
% Additional Location    = 0.9
% Additivity             = 0.2
% Budget Factor          = 1.5
% Resale Factor          = 0.5
% Normal Private Value:
%   Mean                 = 0
%   Standard Deviation   = 30



goods 30
bids 101
dummy 19

0	433135	7	19	22	24	26	28	30	#
1	527733	4	6	7	9	11	26	30	#
2	492955	3	5	7	8	19	23	30	#
3	388729	1	3	11	19	20	27	30	#
4	357862	3	7	11	13	22	24	30	#
5	322076	4	8	10	21	23	24	30	#
6	276661	0	4	26	28	31	#
7	399165	0	15	18	26	31	#
8	228740	1	19	22	26	31	#
9	221863	16	22	26	28	31	#
10	123322	4	5	6	22	31	#
11	565837	1	3	17	19	21	25	29	32	#
12	582609	1	4	5	9	19	21	28	32	#
13	530136	4	5	8	17	18	19	29	32	#
14	527439	1	2	3	4	19	24	29	32	#
15	491557	1	3	7	8	24	26	28	32	#
16	433329	1	2	6	12	13	28	29	32	#
17	506026	1	4	8	12	15	17	28	33	#
18	686056	0	1	5	8	15	20	25	33	#
19	668402	0	2	5	8	18	23	28	33	#
20	518629	1	7	11	18	19	24	28	33	#
21	509802	1	2	6	8	10	15	16	33	#
22	500124	0	6	15	17	21	22	28	33	#
23	173296	7	12	34	#
24	139794	7	20	34	#
25	114578	12	17	34	#
26	1364737	0	1	2	3	4	5	7	8	9	10	11	14	15	16	17	19	20	21	22	24	25	26	27	28	29	35	#
27	1533595	0	1	4	5	7	8	9	10	11	12	13	14	16	17	18	19	20	21	22	23	24	25	26	27	28	35	#
28	1526701	0	2	4	5	7	8	9	10	11	12	14	15	16	17	18	19	20	21	22	23	24	25	26	27	28	35	#
29	1526345	0	1	2	4	5	7	8	9	10	11	12	14	15	16	17	18	19	20	21	22	24	25	26	27	28	35	#
30	1500765	0	1	2	3	4	5	7	8	9	11	12	13	15	16	17	18	19	20	21	22	23	24	25	26	27	35	#
31	1496206	0	1	2	4	5	6	7	8	9	10	11	13	14	16	17	18	19	20	21	22	23	25	26	27	28	35	#
32	626911	4	5	6	7	10	11	12	14	20	26	28	29	36	#
33	923222	0	3	5	12	14	17	18	19	21	23	25	26	36	#
34	864682	0	5	7	8	10	12	14	16	19	25	26	27	36	#
35	857992	0	6	7	8	10	11	16	17	18	25	26	27	36	#
36	829707	0	6	8	9	11	14	15	19	23	26	28	29	36	#
37	807015	0	3	4	6	8	9	10	12	17	22	23	26	36	#
38	675520	2	6	7	9	12	13	15	20	25	26	28	37	#
39	834284	1	2	7	8	13	18	19	21	22	25	29	37	#
40	766558	1	4	6	7	11	13	15	16	22	24	25	37	#
41	731669	7	11	13	15	16	20	21	24	25	26	29	37	#
42	705651	9	10	11	13	15	21	24	25	26	27	29	37	#
43	650095	4	7	8	10	12	13	16	18	20	21	29	37	#
44	160360	5	10	11	38	#
45	186776	1	5	11	38	#
46	116993	6	10	21	38	#
47	1682385	24	29	13	20	14	19	9	27	17	10	26	16	6	12	28	3	0	22	25	18	11	2	15	4	1	8	21	5	23	7	#
48	336800	6	8	19	25	26	39	#
49	351983	9	12	14	21	25	39	#
50	345675	1	9	13	18	19	39	#
51	305120	0	5	8	11	25	39	#
52	245572	2	6	10	14	26	39	#
53	117360	3	10	13	14	26	39	#
54	329894	2	5	7	16	40	#
55	366408	12	16	22	26	40	#
56	352733	0	1	2	24	40	#
57	301567	7	24	26	28	40	#
58	133233	2	5	6	20	40	#
59	15097	16	#
60	382189	8	10	11	12	14	26	41	#
61	441316	4	5	11	12	17	18	41	#
62	413794	4	8	9	14	19	24	41	#
63	411247	5	11	14	20	23	26	41	#
64	410152	7	8	15	16	23	28	41	#
65	374096	1	4	11	14	21	24	41	#
66	140864	21	26	42	#
67	147847	4	21	42	#
68	117594	17	26	42	#
69	1001217	0	1	8	9	13	16	20	21	22	25	28	29	43	#
70	886043	0	1	6	9	18	19	21	22	23	25	27	28	43	#
71	854083	0	1	2	4	6	8	17	18	19	21	23	27	43	#
72	822428	1	2	4	7	12	15	16	18	19	21	22	27	43	#
73	793349	0	2	3	7	8	9	10	11	13	15	20	22	43	#
74	702173	0	5	7	8	9	11	13	17	19	20	22	24	43	#
75	761728	0	3	5	11	12	14	15	20	22	24	29	44	#
76	952299	0	1	8	12	13	15	20	22	24	25	29	44	#
77	909554	1	3	8	10	13	14	20	22	23	25	29	44	#
78	873778	0	3	4	5	7	8	12	14	20	26	29	44	#
79	739748	1	2	4	11	13	14	15	17	22	25	28	44	#
80	700694	0	1	2	3	7	15	21	22	23	25	27	44	#
81	301588	2	3	7	12	23	25	45	#
82	404762	2	4	6	15	24	26	45	#
83	386124	3	6	9	17	22	25	45	#
84	225393	0	3	5	7	13	19	45	#
85	569238	0	1	5	13	14	19	27	28	46	#
86	614340	1	4	5	11	17	18	19	29	46	#
87	600668	0	2	9	13	15	17	18	24	46	#
88	590162	0	3	7	8	16	18	26	28	46	#
89	555127	10	11	12	15	17	18	27	28	46	#
90	546129	0	2	5	12	15	17	19	21	46	#
91	228970	5	25	26	47	#
92	330219	8	23	26	47	#
93	257962	1	5	11	47	#
94	148310	16	19	25	47	#
95	426929	3	11	16	18	20	22	48	#
96	472384	4	13	15	18	19	21	48	#
97	439702	2	3	7	13	15	23	48	#
98	425015	0	15	20	23	24	28	48	#
99	419325	8	11	15	21	22	27	48	#
100	417195	0	3	8	12	22	24	48	#
