%% File generated by CATS v.2.1Fri May 15 12:39:12 2026

%% The CATS webpage is http://robotics.stanford.edu/CATS

%% PARAMETER SETTINGS:
% Goods: 60; Bids: 200; Distribution: paths; Runs: 1; Seed: 1
% Paths Distribution Parameters:
% Initial connections:       = 2
% Edge density:              = 3.000000
% Shipping cost factor:      = 1.500000
% Max bid set size:          = 5
% Building penalty:          = 1.700000



goods 60
bids 201
dummy 83

0	1268	44	45	60	#
1	1268	3	41	44	60	#
2	1268	6	31	60	#
3	1268	13	16	17	43	60	#
4	1268	13	15	16	48	60	#
5	702	5	46	61	#
6	702	4	14	46	61	#
7	874	25	50	62	#
8	874	15	25	33	62	#
9	874	14	17	25	33	62	#
10	874	28	47	58	62	#
11	874	9	25	28	58	62	#
12	636	16	38	63	#
13	636	2	53	54	63	#
14	949	18	25	52	64	#
15	949	0	32	64	#
16	949	18	25	29	34	64	#
17	1112	16	24	25	50	65	#
18	1112	16	17	37	65	#
19	1112	15	16	35	65	#
20	1112	14	16	17	35	65	#
21	1112	15	16	24	25	33	65	#
22	886	16	23	58	66	#
23	886	16	17	23	46	66	#
24	886	12	13	16	58	66	#
25	886	14	15	16	23	46	66	#
26	886	12	13	16	17	46	66	#
27	735	20	36	#
28	948	22	33	67	#
29	948	14	28	46	49	67	#
30	948	9	14	22	28	46	67	#
31	948	9	33	49	67	#
32	948	14	27	40	46	67	#
33	356	24	25	#
34	618	3	44	54	#
35	1206	41	68	#
36	1206	7	21	42	54	68	#
37	1206	3	45	68	#
38	1206	48	55	68	#
39	1206	2	8	17	43	68	#
40	1141	23	51	69	#
41	1141	12	13	51	69	#
42	740	9	11	28	70	#
43	740	26	39	70	#
44	740	9	10	39	70	#
45	740	11	26	27	70	#
46	740	9	10	11	27	70	#
47	763	21	34	71	#
48	763	26	59	71	#
49	763	9	10	59	71	#
50	763	20	52	71	#
51	982	7	21	42	72	#
52	982	7	20	29	42	72	#
53	1213	0	1	13	16	58	73	#
54	1213	0	1	13	16	17	46	73	#
55	1213	0	44	56	73	#
56	1213	0	3	30	44	73	#
57	1213	0	1	3	44	57	73	#
58	792	1	46	74	#
59	792	1	17	58	74	#
60	411	8	17	19	#
61	941	21	34	25	75	#
62	941	59	10	47	75	#
63	941	59	26	25	75	#
64	941	59	10	9	25	75	#
65	90	2	#
66	613	36	76	#
67	613	15	38	76	#
68	613	14	17	38	76	#
69	613	55	54	76	#
70	613	15	8	2	54	76	#
71	847	25	33	14	77	#
72	847	47	28	46	77	#
73	847	25	9	28	46	77	#
74	837	20	54	3	44	#
75	1044	0	56	78	#
76	1044	0	30	3	78	#
77	1044	0	1	57	3	78	#
78	825	7	42	#
79	186	16	#
80	573	36	79	#
81	573	38	15	79	#
82	573	38	17	14	79	#
83	573	54	55	79	#
84	682	42	21	#
85	858	13	16	58	27	#
86	689	50	80	#
87	689	15	33	80	#
88	689	17	14	33	80	#
89	689	58	28	9	80	#
90	689	17	46	28	9	80	#
91	891	48	#
92	414	47	81	#
93	414	25	9	81	#
94	470	18	24	#
95	1151	11	28	49	7	82	#
96	1151	11	28	47	24	6	82	#
97	1151	11	28	9	25	24	6	82	#
98	1151	11	28	9	22	7	82	#
99	1151	39	40	7	82	#
100	908	47	28	11	83	#
101	908	25	9	28	11	83	#
102	292	21	#
103	128	0	#
104	804	29	42	7	#
105	1245	52	9	28	11	84	#
106	1245	29	34	9	28	11	84	#
107	1245	52	26	39	84	#
108	1245	52	9	10	39	84	#
109	1245	52	26	27	11	84	#
110	472	13	16	17	85	#
111	472	13	16	15	14	85	#
112	273	4	86	#
113	273	5	14	86	#
114	891	54	21	42	#
115	579	47	24	87	#
116	579	9	25	24	87	#
117	1061	21	42	7	88	#
118	1061	20	29	42	7	88	#
119	1268	45	44	89	#
120	1268	41	3	44	89	#
121	1268	6	31	89	#
122	1268	43	17	16	13	89	#
123	1268	48	15	16	13	89	#
124	1118	7	42	21	90	#
125	1118	7	42	29	20	90	#
126	1118	6	24	25	34	21	90	#
127	1118	7	40	59	90	#
128	1118	7	22	34	21	90	#
129	974	58	1	91	#
130	974	17	46	1	91	#
131	974	15	14	46	1	91	#
132	120	10	#
133	337	15	16	92	#
134	337	14	17	16	92	#
135	613	36	93	#
136	613	38	15	93	#
137	613	38	17	14	93	#
138	613	54	55	93	#
139	613	54	2	8	15	93	#
140	572	14	33	#
141	906	44	3	54	20	#
142	1015	30	0	94	#
143	1015	57	1	0	94	#
144	659	33	14	95	#
145	659	9	28	46	95	#
146	659	50	17	95	#
147	1186	23	16	58	1	0	#
148	663	52	96	#
149	663	29	34	96	#
150	337	20	#
151	1050	43	17	97	#
152	1050	48	15	97	#
153	1050	48	14	17	97	#
154	1050	43	14	15	97	#
155	1050	6	24	25	50	97	#
156	831	16	50	98	#
157	831	16	15	33	98	#
158	831	16	17	14	33	98	#
159	831	16	58	28	9	98	#
160	831	16	17	46	28	9	98	#
161	324	21	#
162	589	24	47	10	99	#
163	589	24	25	26	99	#
164	589	24	25	9	10	99	#
165	215	23	#
166	655	33	14	100	#
167	655	9	28	46	100	#
168	655	50	17	100	#
169	797	12	44	3	54	101	#
170	797	23	16	38	101	#
171	797	23	53	2	54	101	#
172	712	0	18	24	6	#
173	232	4	#
174	912	43	102	#
175	912	14	48	102	#
176	956	37	103	#
177	956	14	35	103	#
178	956	14	33	25	24	103	#
179	956	46	28	47	24	103	#
180	956	46	28	9	25	24	103	#
181	907	13	51	#
182	963	25	34	21	104	#
183	963	47	10	59	104	#
184	963	25	26	59	104	#
185	963	25	9	10	59	104	#
186	963	25	52	20	104	#
187	134	6	#
188	674	38	16	105	#
189	674	54	2	53	105	#
190	674	54	2	8	16	105	#
191	401	49	106	#
192	401	22	9	106	#
193	99	17	#
194	839	21	42	107	#
195	839	20	29	42	107	#
196	1017	25	50	16	108	#
197	1017	25	33	15	16	108	#
198	1017	25	33	14	17	16	108	#
199	1017	47	28	58	16	108	#
200	1017	25	9	28	58	16	108	#
