%% File generated by CATS v.2.1Fri May 15 12:39:00 2026

%% The CATS webpage is http://robotics.stanford.edu/CATS

%% PARAMETER SETTINGS:
% Goods: 30; Bids: 100; Distribution: paths; Runs: 1; Seed: 3
% Paths Distribution Parameters:
% Initial connections:       = 2
% Edge density:              = 3.000000
% Shipping cost factor:      = 1.500000
% Max bid set size:          = 5
% Building penalty:          = 1.700000



goods 30
bids 100
dummy 32

0	994	6	28	30	#
1	994	2	26	30	#
2	994	2	6	22	30	#
3	994	2	3	4	6	30	#
4	459	2	3	#
5	555	14	31	#
6	555	8	13	31	#
7	362	12	#
8	512	2	3	#
9	259	4	#
10	1076	6	10	#
11	672	4	21	#
12	401	7	32	#
13	401	2	5	32	#
14	295	3	#
15	315	1	#
16	1008	19	33	#
17	1008	0	26	33	#
18	1008	0	6	22	33	#
19	1008	0	3	4	6	33	#
20	1008	15	24	33	#
21	944	9	11	34	#
22	944	2	9	12	34	#
23	992	13	29	35	#
24	992	3	13	18	35	#
25	777	3	7	36	#
26	777	2	3	5	36	#
27	882	9	11	#
28	733	7	22	37	#
29	733	5	28	37	#
30	1241	4	10	18	38	#
31	1241	8	17	38	#
32	1241	8	10	20	38	#
33	183	0	#
34	982	25	39	#
35	982	2	24	39	#
36	982	20	28	39	#
37	982	2	20	22	39	#
38	822	7	22	40	#
39	822	5	28	40	#
40	822	2	5	22	40	#
41	822	3	4	7	40	#
42	822	2	3	4	5	40	#
43	351	8	#
44	580	13	18	#
45	345	12	#
46	946	6	10	#
47	1230	27	41	#
48	1230	7	19	41	#
49	1230	0	23	41	#
50	1230	0	7	26	41	#
51	1230	0	6	7	22	41	#
52	497	20	#
53	704	1	8	42	#
54	704	0	8	15	42	#
55	715	4	6	#
56	660	21	43	#
57	660	3	12	43	#
58	1386	4	10	13	18	44	#
59	1386	14	17	44	#
60	1386	8	13	17	44	#
61	1386	10	14	20	44	#
62	1386	8	10	13	20	44	#
63	368	11	#
64	192	4	#
65	1063	23	45	#
66	1063	7	26	45	#
67	736	9	11	#
68	703	21	46	#
69	703	3	12	46	#
70	767	9	12	#
71	832	0	4	6	#
72	1152	7	24	47	#
73	1152	5	25	47	#
74	1152	2	5	24	47	#
75	1152	7	20	22	47	#
76	1152	5	20	28	47	#
77	1152	7	24	48	#
78	1152	5	25	48	#
79	1152	2	5	24	48	#
80	1152	7	20	22	48	#
81	1152	5	20	28	48	#
82	424	6	#
83	305	11	#
84	604	9	#
85	620	20	#
86	781	3	7	49	#
87	781	2	3	5	49	#
88	918	9	11	50	#
89	918	2	9	12	50	#
90	1246	13	18	21	51	#
91	1246	12	13	29	51	#
92	1246	3	12	13	18	51	#
93	1246	11	13	16	51	#
94	789	0	6	4	#
95	575	14	52	#
96	575	13	8	52	#
97	642	11	5	53	#
98	642	12	7	53	#
99	180	2	#
