%% File generated by CATS v.2.1Fri May 15 12:39:00 2026

%% The CATS webpage is http://robotics.stanford.edu/CATS

%% PARAMETER SETTINGS:
% Goods: 30; Bids: 100; Distribution: paths; Runs: 1; Seed: 1
% Paths Distribution Parameters:
% Initial connections:       = 2
% Edge density:              = 3.000000
% Shipping cost factor:      = 1.500000
% Max bid set size:          = 5
% Building penalty:          = 1.700000



goods 30
bids 100
dummy 31

0	160	0	#
1	314	5	30	#
2	314	4	13	30	#
3	1146	27	31	#
4	1146	6	15	31	#
5	1129	29	32	#
6	1129	6	23	32	#
7	1129	4	6	24	32	#
8	1129	5	6	26	32	#
9	1129	5	6	13	24	32	#
10	1118	2	12	20	33	#
11	1118	1	19	33	#
12	1118	1	12	15	33	#
13	1118	11	16	18	33	#
14	1118	1	22	26	33	#
15	881	2	20	34	#
16	881	1	15	34	#
17	734	17	35	#
18	734	1	9	35	#
19	601	13	28	#
20	633	2	15	#
21	465	24	#
22	672	6	#
23	917	13	14	28	36	#
24	917	10	16	36	#
25	917	5	10	14	36	#
26	917	4	10	13	14	36	#
27	155	11	#
28	1181	6	24	37	#
29	1181	6	13	26	37	#
30	101	2	#
31	352	25	38	#
32	352	2	7	13	38	#
33	938	8	24	39	#
34	938	8	13	26	39	#
35	938	0	1	24	39	#
36	517	11	16	#
37	787	1	26	#
38	1202	6	26	40	#
39	1202	6	13	24	40	#
40	873	20	#
41	943	1	15	42	#
42	1067	27	41	#
43	1067	6	15	41	#
44	943	2	20	42	#
45	475	10	#
46	484	21	43	#
47	484	13	22	43	#
48	484	11	13	14	43	#
49	389	16	#
50	332	2	3	#
51	797	24	8	#
52	314	4	44	#
53	314	5	13	44	#
54	798	19	45	#
55	798	12	15	45	#
56	798	22	26	45	#
57	798	11	14	26	45	#
58	798	21	24	45	#
59	300	12	#
60	1203	27	46	#
61	1203	6	15	46	#
62	1203	6	24	25	46	#
63	1203	6	26	7	2	46	#
64	1203	6	24	13	7	2	46	#
65	944	7	13	28	47	#
66	944	2	25	28	47	#
67	944	7	5	10	47	#
68	944	7	13	4	10	47	#
69	971	21	28	48	#
70	971	22	13	28	48	#
71	971	11	14	13	28	48	#
72	971	11	16	10	48	#
73	971	12	25	28	48	#
74	277	12	#
75	1119	27	49	#
76	1119	6	15	49	#
77	1143	8	19	50	#
78	1143	8	15	12	50	#
79	1143	8	26	22	50	#
80	1143	8	26	14	11	50	#
81	1143	8	24	21	50	#
82	103	2	#
83	792	1	26	#
84	472	26	51	#
85	472	13	24	51	#
86	714	18	#
87	897	25	28	52	#
88	897	2	7	13	28	52	#
89	90	2	#
90	412	25	53	#
91	412	13	7	2	53	#
92	586	28	13	#
93	1143	8	19	54	#
94	1143	8	15	12	54	#
95	1143	8	26	22	54	#
96	1143	8	26	14	11	54	#
97	1143	8	24	21	54	#
98	135	0	#
99	486	11	16	#
