%% File generated by CATS v.2.1Fri May 15 12:39:00 2026

%% The CATS webpage is http://robotics.stanford.edu/CATS

%% PARAMETER SETTINGS:
% Goods: 30; Bids: 100; Distribution: paths; Runs: 1; Seed: 2
% Paths Distribution Parameters:
% Initial connections:       = 2
% Edge density:              = 3.000000
% Shipping cost factor:      = 1.500000
% Max bid set size:          = 5
% Building penalty:          = 1.700000



goods 30
bids 101
dummy 33

0	191	12	#
1	477	15	22	#
2	736	0	15	23	40	#
3	639	23	30	#
4	639	7	22	30	#
5	639	28	#
6	956	5	13	14	31	#
7	956	5	10	20	31	#
8	956	5	10	11	13	31	#
9	956	3	14	28	31	#
10	956	12	14	24	31	#
11	733	28	32	#
12	733	3	5	13	32	#
13	733	5	6	7	32	#
14	733	2	24	32	#
15	733	2	5	18	32	#
16	553	21	#
17	174	15	#
18	336	3	11	#
19	56	0	#
20	810	25	33	#
21	810	13	19	33	#
22	810	0	16	33	#
23	810	3	15	23	33	#
24	810	3	7	15	22	33	#
25	918	17	34	#
26	918	3	14	23	34	#
27	918	3	7	14	22	34	#
28	918	6	13	14	22	34	#
29	918	2	12	14	23	34	#
30	236	11	#
31	342	13	#
32	543	26	35	#
33	543	1	22	35	#
34	543	0	15	22	35	#
35	841	16	36	#
36	841	0	25	36	#
37	841	13	21	36	#
38	841	0	13	19	36	#
39	841	3	7	26	36	#
40	204	14	#
41	771	23	37	#
42	771	7	22	37	#
43	736	0	7	15	22	40	#
44	473	4	15	#
45	92	2	#
46	220	15	#
47	918	17	38	#
48	918	3	14	23	38	#
49	918	3	7	14	22	38	#
50	918	6	13	14	22	38	#
51	918	2	12	14	23	38	#
52	772	29	39	#
53	772	2	15	23	39	#
54	736	7	26	40	#
55	736	1	23	40	#
56	736	1	7	22	40	#
57	918	17	41	#
58	918	3	14	23	41	#
59	918	3	7	14	22	41	#
60	918	6	13	14	22	41	#
61	918	2	12	14	23	41	#
62	137	10	#
63	743	19	42	#
64	743	0	21	42	#
65	743	6	15	22	42	#
66	743	4	5	15	42	#
67	743	0	6	26	42	#
68	814	27	43	#
69	814	9	28	43	#
70	814	8	24	43	#
71	530	14	3	7	#
72	578	8	12	11	44	#
73	578	9	3	11	44	#
74	578	8	12	14	10	44	#
75	578	8	2	3	11	44	#
76	578	9	3	14	10	44	#
77	583	6	5	45	#
78	583	22	4	45	#
79	775	23	15	46	#
80	775	7	22	15	46	#
81	775	7	26	0	46	#
82	775	23	1	0	46	#
83	776	15	23	47	#
84	776	15	22	7	47	#
85	776	0	26	7	47	#
86	776	0	1	23	47	#
87	776	0	1	22	7	47	#
88	743	25	48	#
89	743	13	19	48	#
90	350	3	14	#
91	104	2	#
92	449	7	9	#
93	156	8	#
94	954	17	1	49	#
95	954	17	15	0	49	#
96	954	14	16	49	#
97	954	14	25	0	49	#
98	954	14	13	21	49	#
99	271	11	50	#
100	271	10	14	50	#
