%% File generated by CATS v.2.1Fri May 15 12:39:00 2026

%% The CATS webpage is http://robotics.stanford.edu/CATS

%% PARAMETER SETTINGS:
% Goods: 30; Bids: 100; Distribution: regions; Runs: 1; Seed: 3
% Regions Distribution Parameters:
% Max Substitutable Bids = 5
% Removing HV Neighbor   = 0.1
% Adding DIAG Neighbor   = 0.2
% Additional Location    = 0.9
% Jump Probability       = 0.05
% Additivity             = 0.2
% Budget Factor          = 1.5
% Resale Factor          = 0.5
% Normal Private Value:
%   Mean                 = 0
%   Standard Deviation   = 30



goods 30
bids 102
dummy 19

0	88359	4	#
1	116097	1	13	17	30	#
2	141576	8	13	19	30	#
3	332656	1	3	4	7	8	13	31	#
4	450266	4	7	8	12	13	17	31	#
5	411662	3	4	7	8	12	23	31	#
6	385048	13	14	16	17	19	24	31	#
7	336265	4	8	9	13	14	24	31	#
8	312906	1	2	3	7	8	13	31	#
9	1103491	0	1	3	6	7	8	9	12	13	14	15	17	18	19	20	21	22	23	24	25	32	#
10	1145454	0	5	6	7	9	10	11	12	13	14	15	16	17	18	19	20	21	22	23	24	32	#
11	1105339	0	1	2	3	4	5	6	7	11	12	13	15	16	17	18	19	21	22	27	28	32	#
12	1101957	0	1	2	3	5	6	7	8	9	12	13	14	17	18	19	21	22	23	24	29	32	#
13	1089026	0	1	2	3	4	5	6	7	8	9	10	11	12	13	14	17	18	19	22	24	32	#
14	1085819	0	1	2	5	6	7	8	9	10	11	12	13	14	17	18	19	21	22	23	24	32	#
15	681023	1	2	3	4	5	6	7	8	12	13	17	18	33	#
16	849911	1	2	3	4	7	8	9	12	13	17	18	23	33	#
17	845996	2	4	7	8	9	12	13	17	18	19	23	24	33	#
18	836460	1	2	3	4	7	8	10	11	12	13	17	25	33	#
19	813342	2	4	7	8	9	11	13	14	16	17	18	23	33	#
20	793652	1	7	8	9	12	13	17	18	19	21	22	23	33	#
21	521056	17	18	19	23	24	25	34	#
22	458667	17	18	19	22	23	24	34	#
23	451032	13	17	18	19	23	24	34	#
24	421969	7	11	12	13	17	18	34	#
25	332845	8	13	14	18	19	24	34	#
26	324824	1	2	5	6	7	25	34	#
27	309551	6	7	11	16	29	35	#
28	451541	6	7	11	12	13	35	#
29	424517	6	11	12	13	16	35	#
30	341397	6	7	11	16	21	35	#
31	315469	1	6	7	11	16	35	#
32	183932	19	22	23	24	29	35	#
33	228617	5	6	7	36	#
34	234391	3	7	8	36	#
35	172687	0	5	10	36	#
36	75521	0	5	6	36	#
37	302970	5	10	12	37	#
38	306539	12	13	18	37	#
39	194081	0	5	10	37	#
40	138799	10	11	15	37	#
41	107883	2	3	7	38	#
42	148428	3	4	8	38	#
43	543117	6	7	8	11	12	15	16	39	#
44	677935	12	15	16	17	20	21	22	39	#
45	641192	8	11	12	16	17	20	21	39	#
46	620898	6	7	11	12	16	17	22	39	#
47	539457	0	7	11	12	13	17	22	39	#
48	506016	0	6	7	11	12	15	16	39	#
49	1417623	0	1	2	3	4	5	6	7	8	9	10	11	12	13	14	15	16	17	18	19	20	21	22	23	24	29	40	#
50	1557655	0	1	2	3	4	5	6	7	8	9	10	11	12	13	14	15	16	17	18	19	20	22	23	24	27	29	40	#
51	1443581	0	1	2	3	4	5	6	7	8	9	10	11	12	13	14	15	16	17	18	19	20	21	22	23	24	27	40	#
52	1401916	0	1	2	3	4	5	6	7	8	9	10	11	12	13	14	15	16	17	18	19	20	21	22	23	24	25	40	#
53	1369601	0	1	2	3	4	5	6	7	8	9	10	11	12	13	14	15	16	17	18	19	20	21	22	23	24	28	40	#
54	1309975	0	1	2	3	4	5	6	7	8	9	10	11	12	13	14	15	16	17	18	19	20	21	22	23	24	26	40	#
55	102152	23	#
56	1027259	1	3	4	6	7	8	9	10	11	14	15	16	20	21	22	25	41	#
57	1086158	0	1	5	6	7	8	10	11	12	13	15	16	17	18	19	20	41	#
58	1073726	1	2	6	7	10	11	12	13	15	16	17	18	19	20	21	23	41	#
59	1062801	1	5	6	7	8	10	11	12	15	16	17	18	20	23	24	25	41	#
60	1058033	2	4	6	7	8	9	11	12	13	14	15	16	17	18	19	23	41	#
61	1029780	4	7	8	9	12	13	14	15	16	17	18	19	21	22	23	24	41	#
62	612784	5	7	10	11	12	15	20	42	#
63	654108	2	7	10	12	15	17	22	42	#
64	587461	3	4	7	8	11	12	17	42	#
65	576471	5	8	10	11	12	13	15	42	#
66	518208	10	11	12	15	16	17	20	42	#
67	511749	10	11	12	15	16	17	18	42	#
68	988504	0	1	2	3	4	5	6	7	8	9	10	11	12	13	14	15	16	19	43	#
69	1303353	0	1	5	6	7	8	10	11	12	13	16	17	18	19	20	21	22	23	43	#
70	1258094	1	4	5	6	7	8	9	11	12	13	15	16	17	18	19	21	22	25	43	#
71	1207744	0	1	2	3	4	5	6	7	8	9	10	11	13	14	16	17	20	22	43	#
72	1198749	0	1	2	3	4	5	6	7	10	11	12	16	17	18	20	21	22	23	43	#
73	1195224	1	2	3	4	5	6	7	8	10	11	12	13	16	17	18	21	22	23	43	#
74	517946	9	12	13	14	17	18	19	44	#
75	618054	12	13	16	17	18	19	22	44	#
76	596456	12	13	15	16	17	19	20	44	#
77	547762	12	13	14	17	18	19	22	44	#
78	508713	12	13	18	19	22	23	24	44	#
79	450553	7	9	12	13	14	18	24	44	#
80	94850	26	#
81	266383	1	5	6	10	11	12	15	21	45	#
82	340083	0	1	2	6	11	12	15	16	45	#
83	321383	0	1	2	5	6	7	8	9	45	#
84	730500	11	12	13	14	15	16	17	18	19	21	22	23	46	#
85	772911	9	11	12	13	14	16	17	18	19	22	23	24	46	#
86	758707	12	13	14	15	16	17	18	19	22	23	24	26	46	#
87	747793	1	7	9	12	13	14	16	17	18	19	21	22	46	#
88	733953	5	10	11	12	13	15	16	17	18	19	20	23	46	#
89	719109	3	4	7	8	12	13	16	17	18	19	23	24	46	#
90	1653888	1	2	3	4	5	6	7	8	9	10	11	12	13	14	15	16	17	18	19	21	22	23	24	26	27	29	47	#
91	1682573	1	2	3	4	5	6	7	8	9	10	11	12	13	14	15	16	17	18	19	20	21	22	23	24	25	27	47	#
92	1639907	0	1	2	3	4	5	6	7	8	9	10	11	12	13	14	15	16	17	18	20	21	22	23	24	26	29	47	#
93	1624777	0	1	2	3	4	5	6	7	8	9	10	11	12	13	14	15	16	17	18	19	20	21	22	23	25	26	47	#
94	1605255	0	1	2	3	4	5	6	7	8	9	10	11	12	13	14	15	16	17	18	19	20	21	22	23	24	27	47	#
95	1601779	0	1	2	3	4	5	6	7	8	9	10	11	12	13	14	15	16	17	18	19	20	21	22	23	25	29	47	#
96	964507	0	1	4	5	6	7	8	10	11	12	13	14	15	16	17	18	19	20	21	22	23	48	#
97	1134598	1	5	6	9	10	11	12	13	14	15	16	17	18	19	20	21	22	23	24	26	27	48	#
98	1122884	1	2	3	4	5	7	8	9	10	11	12	13	14	15	16	17	18	19	22	23	24	48	#
99	1069956	4	5	6	8	9	10	11	12	13	14	15	16	17	18	19	20	21	22	23	24	25	48	#
100	1066943	1	4	5	6	7	8	10	11	12	13	14	15	16	17	18	19	20	21	22	23	26	48	#
101	1052177	0	1	2	3	4	5	6	7	8	9	10	11	12	15	16	17	20	21	22	24	26	48	#
