%% File generated by CATS v.2.1Fri May 15 12:39:00 2026

%% The CATS webpage is http://robotics.stanford.edu/CATS

%% PARAMETER SETTINGS:
% Goods: 30; Bids: 100; Distribution: regions; Runs: 1; Seed: 1
% Regions Distribution Parameters:
% Max Substitutable Bids = 5
% Removing HV Neighbor   = 0.1
% Adding DIAG Neighbor   = 0.2
% Additional Location    = 0.9
% Jump Probability       = 0.05
% Additivity             = 0.2
% Budget Factor          = 1.5
% Resale Factor          = 0.5
% Uniform Private Value:
%   Deviation            = 0.5
%   Max Good Value       = 100



goods 30
bids 104
dummy 19

0	1616679	0	1	2	3	5	6	7	8	9	10	11	12	13	14	15	16	17	18	19	20	21	22	23	24	30	#
1	1685418	0	3	4	5	6	7	8	9	10	11	12	13	14	15	16	17	18	19	20	21	22	23	24	25	30	#
2	1676590	2	3	4	5	6	7	8	9	10	11	12	13	14	15	16	17	18	19	21	22	23	24	25	28	30	#
3	1648474	0	3	4	5	6	7	8	9	10	11	12	13	14	15	16	17	18	19	20	21	22	23	24	29	30	#
4	1636497	0	1	2	3	4	5	6	7	9	10	11	12	13	15	16	17	18	19	20	21	22	23	24	25	30	#
5	1633999	2	3	4	5	6	7	8	9	10	11	12	13	14	15	16	17	18	19	20	21	22	23	24	25	30	#
6	1272418	2	3	4	6	7	8	9	10	11	12	13	16	17	18	21	22	23	24	31	#
7	1409727	1	2	3	4	6	7	8	9	12	13	14	15	16	17	18	21	22	23	31	#
8	1386029	0	1	2	3	4	6	7	8	9	11	12	13	14	17	18	21	22	23	31	#
9	1384413	0	1	2	3	5	6	7	8	11	12	13	15	16	17	18	21	22	23	31	#
10	1381554	1	2	3	4	6	7	8	9	11	12	13	15	16	17	18	21	22	23	31	#
11	1374409	0	1	2	3	4	5	6	7	8	10	11	12	13	17	18	21	22	23	31	#
12	310147	2	3	4	8	9	32	#
13	436253	2	6	14	18	19	32	#
14	336161	2	3	7	8	9	32	#
15	332057	3	4	8	9	29	32	#
16	322768	2	3	4	8	13	32	#
17	301845	4	8	9	14	19	32	#
18	986241	6	10	11	13	15	16	17	18	19	21	22	23	24	27	33	#
19	1086034	2	3	4	8	9	12	14	17	18	19	22	23	24	27	33	#
20	1079611	5	6	10	11	12	15	16	17	18	19	22	23	24	27	33	#
21	1079553	3	4	5	6	9	14	15	16	17	18	19	22	23	24	33	#
22	1042263	3	4	7	8	9	14	16	17	18	19	21	22	23	24	33	#
23	1040294	4	7	9	12	14	15	16	17	18	19	21	22	23	24	33	#
24	81104	7	#
25	231141	20	21	22	23	34	#
26	318087	16	21	22	23	34	#
27	274061	14	19	23	24	34	#
28	234224	11	16	20	21	34	#
29	214464	15	16	20	21	34	#
30	291936	1	5	6	10	11	35	#
31	390180	2	3	5	6	7	35	#
32	384805	0	2	6	11	16	35	#
33	357639	0	1	5	6	11	35	#
34	308610	0	5	6	10	11	35	#
35	103510	24	#
36	593877	2	3	4	7	8	9	13	14	36	#
37	630287	2	3	4	7	8	9	14	19	36	#
38	605287	2	7	8	12	13	14	17	22	36	#
39	585411	3	4	9	13	14	17	18	23	36	#
40	584179	3	4	7	8	9	13	14	19	36	#
41	518639	2	3	4	7	8	9	12	13	36	#
42	148142	27	#
43	1038251	0	1	5	6	10	11	12	13	16	17	18	19	22	23	24	37	#
44	1131890	0	1	2	3	4	5	6	8	10	17	18	19	22	23	24	37	#
45	1100620	0	1	2	3	5	6	9	10	11	14	19	21	22	23	24	37	#
46	1048283	1	2	5	6	11	12	13	16	17	18	19	21	22	23	24	37	#
47	985494	0	1	2	3	4	5	6	8	9	10	11	14	19	23	24	37	#
48	984566	3	4	8	9	13	14	15	16	17	18	19	21	22	23	24	37	#
49	161917	7	8	38	#
50	128424	8	13	38	#
51	349148	3	7	8	9	39	#
52	380655	1	2	6	7	39	#
53	336865	3	8	9	14	39	#
54	321107	3	9	13	14	39	#
55	296859	2	3	7	8	39	#
56	672900	11	12	13	14	15	16	17	18	19	20	23	40	#
57	925437	3	7	9	12	13	14	16	17	18	19	22	40	#
58	836642	1	6	7	10	11	12	16	17	18	22	23	40	#
59	821438	3	4	7	9	12	13	14	17	18	19	23	40	#
60	815645	0	1	3	5	6	9	10	12	13	14	19	40	#
61	756517	3	9	13	14	15	18	19	20	22	23	24	40	#
62	705506	1	2	3	6	11	20	21	22	41	#
63	687129	0	1	5	6	10	11	16	21	41	#
64	677309	1	2	3	6	7	10	11	16	41	#
65	634152	6	10	11	15	16	20	21	22	41	#
66	605265	0	1	2	5	6	10	11	12	41	#
67	581924	6	11	15	16	17	20	21	22	41	#
68	1397098	0	1	2	3	4	5	6	7	8	9	10	11	12	13	14	15	16	17	18	19	20	21	22	23	24	42	#
69	1515384	0	2	3	4	5	6	7	8	9	10	12	13	14	15	16	17	18	19	20	21	22	23	24	25	29	42	#
70	1498669	0	1	2	3	4	6	7	8	9	10	11	12	13	14	15	16	17	18	19	20	21	22	23	24	28	42	#
71	1496169	0	1	2	3	4	5	6	7	8	9	10	12	13	14	15	16	17	18	19	20	21	22	23	24	25	42	#
72	1464864	0	1	2	3	4	5	6	7	8	9	10	11	12	13	14	15	16	17	18	19	20	21	22	24	25	42	#
73	1457688	0	1	2	3	4	6	7	8	9	10	11	12	13	14	15	16	17	18	19	20	21	22	23	24	27	42	#
74	42726	20	#
75	1038121	2	7	8	9	11	12	13	14	17	18	22	23	24	43	#
76	1182072	3	8	9	12	13	14	16	17	18	19	21	22	23	43	#
77	1166418	2	6	7	8	9	12	13	14	17	18	19	23	24	43	#
78	1133062	3	4	7	8	9	12	13	14	17	18	19	22	23	43	#
79	1132465	3	4	6	8	9	11	12	13	14	16	18	21	23	43	#
80	1130533	2	7	8	9	12	13	14	16	17	18	19	21	29	43	#
81	467417	2	3	6	7	12	44	#
82	473833	2	3	7	11	12	44	#
83	429330	2	3	4	7	12	44	#
84	398468	2	6	10	11	12	44	#
85	356049	2	3	4	7	9	44	#
86	213289	23	24	45	#
87	209561	18	23	45	#
88	1502617	0	1	2	3	4	5	6	7	8	9	10	11	12	13	14	16	18	19	20	21	23	24	46	#
89	1601467	1	2	3	4	5	6	7	8	9	10	11	12	13	14	16	17	18	19	21	22	23	27	46	#
90	1576277	1	2	4	5	6	7	8	9	10	11	12	13	14	15	16	17	18	19	20	21	22	29	46	#
91	1550200	0	1	2	3	4	5	6	7	8	9	10	11	12	14	16	17	18	19	21	22	23	24	46	#
92	1542411	1	2	3	4	5	6	7	8	9	10	11	12	13	14	16	17	18	19	21	22	23	24	46	#
93	1535972	1	2	3	4	5	6	7	8	9	10	11	12	13	14	16	17	18	19	20	21	24	28	46	#
94	297505	19	22	23	24	47	#
95	414343	16	17	22	23	47	#
96	255815	18	19	23	24	47	#
97	226807	14	19	23	24	47	#
98	1207773	2	3	6	7	8	9	11	13	14	16	17	18	19	21	22	23	24	48	#
99	1286317	1	2	3	5	6	7	8	10	11	12	13	16	17	18	19	22	23	48	#
100	1282192	2	3	6	7	8	11	12	13	14	16	17	18	19	21	22	23	24	48	#
101	1271512	2	3	6	7	8	9	10	11	12	13	14	16	17	18	19	22	24	48	#
102	1262010	1	2	3	5	6	7	8	10	11	12	13	16	17	18	19	21	22	48	#
103	1259474	0	1	2	3	5	6	8	10	11	12	13	16	17	18	19	22	24	48	#
