%% File generated by CATS v.2.1Fri May 15 12:39:00 2026

%% The CATS webpage is http://robotics.stanford.edu/CATS

%% PARAMETER SETTINGS:
% Goods: 30; Bids: 100; Distribution: regions; Runs: 1; Seed: 2
% Regions Distribution Parameters:
% Max Substitutable Bids = 5
% Removing HV Neighbor   = 0.1
% Adding DIAG Neighbor   = 0.2
% Additional Location    = 0.9
% Jump Probability       = 0.05
% Additivity             = 0.2
% Budget Factor          = 1.5
% Resale Factor          = 0.5
% Normal Private Value:
%   Mean                 = 0
%   Standard Deviation   = 30



goods 30
bids 101
dummy 20

0	428839	7	12	16	17	18	23	24	30	#
1	493708	6	7	8	11	12	17	22	30	#
2	483706	7	8	12	13	17	18	29	30	#
3	454466	7	8	12	13	16	17	18	30	#
4	451546	12	13	17	18	22	23	24	30	#
5	409905	12	13	16	17	18	21	22	30	#
6	253225	5	7	10	11	12	13	16	17	18	31	#
7	359219	1	2	5	6	10	11	15	16	20	31	#
8	333261	11	12	13	15	16	17	18	23	24	31	#
9	291809	12	13	16	17	18	21	22	23	24	31	#
10	250177	11	12	13	15	16	17	18	22	23	31	#
11	183457	10	11	12	13	15	16	17	18	22	31	#
12	278637	0	1	2	5	6	7	10	11	12	24	32	#
13	378210	0	5	6	7	10	11	12	13	16	17	32	#
14	317119	0	1	5	10	11	12	15	16	20	21	32	#
15	329675	0	1	2	6	7	8	11	12	33	#
16	443474	5	6	7	10	11	12	16	17	33	#
17	416640	1	5	6	10	11	16	18	19	33	#
18	412614	1	2	3	6	7	8	13	17	33	#
19	407500	1	6	7	10	11	12	17	21	33	#
20	382861	1	5	6	7	10	12	15	16	33	#
21	80992	0	1	#
22	222731	8	13	17	34	#
23	254451	3	8	14	34	#
24	112553	16	17	18	34	#
25	1012755	0	1	2	3	5	6	7	8	10	11	12	13	15	16	17	18	19	20	21	22	23	24	35	#
26	1196643	0	1	2	3	4	5	6	7	8	9	11	12	14	16	17	18	19	20	21	22	23	24	35	#
27	1131746	0	1	2	3	5	6	7	8	9	10	11	12	14	15	16	17	18	19	20	21	22	23	35	#
28	1109369	0	1	2	3	5	6	7	8	9	10	11	12	13	14	16	17	18	20	21	22	23	24	35	#
29	1103389	0	1	2	3	4	5	6	7	8	10	11	12	13	16	17	18	20	21	22	23	24	26	35	#
30	1082169	0	1	2	3	5	6	7	8	10	11	12	13	14	15	16	17	18	19	20	21	22	23	35	#
31	69269	10	11	36	#
32	30099	11	12	36	#
33	1053984	2	5	6	7	8	10	11	12	13	14	15	16	17	18	19	20	21	23	24	37	#
34	1243798	1	2	3	6	7	8	12	13	14	15	16	17	18	19	20	21	22	23	24	37	#
35	1123704	1	2	3	5	6	7	8	9	12	13	16	17	18	19	20	21	22	23	24	37	#
36	1118523	1	2	3	4	8	9	10	12	13	14	15	16	17	18	20	21	22	23	24	37	#
37	1109136	2	6	7	8	9	11	12	13	14	15	16	17	18	19	20	21	22	23	24	37	#
38	1107462	1	2	3	4	7	8	9	12	13	14	15	16	17	18	19	21	22	23	24	37	#
39	143015	7	10	11	12	38	#
40	182347	1	2	7	12	38	#
41	115020	6	7	10	11	38	#
42	111544	5	10	15	16	38	#
43	298679	8	12	13	18	25	39	#
44	433618	15	20	21	22	25	39	#
45	419067	8	9	13	14	19	39	#
46	318569	7	8	18	19	23	39	#
47	291568	3	4	8	9	13	39	#
48	212098	12	13	17	18	22	39	#
49	967895	0	1	2	3	4	5	6	7	8	9	10	11	12	13	14	15	16	17	18	19	20	21	22	23	24	26	40	#
50	1177325	0	1	2	3	4	5	6	7	8	9	10	11	12	13	14	15	16	17	19	20	21	22	23	24	25	26	40	#
51	1122500	0	1	2	3	4	5	6	7	8	9	10	11	12	13	14	15	16	17	19	20	21	22	23	24	25	29	40	#
52	1111939	0	1	2	3	4	5	6	7	8	9	10	11	12	13	14	15	16	17	19	20	21	22	23	24	25	27	40	#
53	1094939	0	1	2	3	4	5	6	7	8	9	10	11	12	13	14	15	16	17	19	20	21	22	23	24	26	28	40	#
54	1080486	0	1	2	3	4	5	6	7	8	9	10	11	12	13	14	15	16	17	19	20	21	22	23	24	26	27	40	#
55	200551	15	20	21	41	#
56	209409	20	21	22	41	#
57	184468	17	21	22	41	#
58	87369	15	16	20	41	#
59	1067644	1	2	3	4	5	6	7	8	9	10	11	12	13	14	16	17	18	20	21	22	23	42	#
60	1157452	0	1	5	6	7	8	9	10	11	12	13	14	15	16	17	18	20	21	22	23	24	42	#
61	1104827	0	1	3	5	6	7	8	10	11	12	13	14	15	16	17	18	20	21	22	23	24	42	#
62	1099806	1	2	3	4	5	6	7	8	9	11	12	13	14	16	17	18	20	21	22	23	28	42	#
63	1063848	1	2	3	4	5	6	7	8	9	10	11	12	13	14	16	17	18	22	23	24	27	42	#
64	1059108	0	1	2	5	6	7	8	9	10	11	12	13	15	16	17	18	20	21	22	23	24	42	#
65	295801	10	11	12	15	16	20	21	43	#
66	433241	16	17	18	21	22	23	24	43	#
67	340551	10	15	18	20	21	22	23	43	#
68	323983	11	12	16	17	21	22	28	43	#
69	287930	5	6	7	11	16	21	22	43	#
70	286203	0	10	15	16	17	22	23	43	#
71	296833	1	8	14	18	19	23	44	#
72	396615	8	9	13	14	18	19	44	#
73	291912	9	14	18	19	23	24	44	#
74	255685	2	3	7	8	12	13	44	#
75	210287	6	7	8	11	18	23	44	#
76	195257	1	5	6	7	10	11	44	#
77	510393	0	1	2	3	5	6	7	8	10	11	12	16	45	#
78	694969	1	5	6	7	10	11	12	15	16	17	20	21	45	#
79	683234	0	1	2	5	6	7	10	11	12	14	18	19	45	#
80	663862	0	1	2	5	6	7	10	11	15	16	17	20	45	#
81	584034	0	2	3	5	6	7	8	9	13	16	17	18	45	#
82	574510	0	2	3	4	5	6	7	8	9	13	14	19	45	#
83	165970	7	8	46	#
84	156891	6	7	46	#
85	80451	8	13	46	#
86	625412	0	1	2	3	5	6	7	8	10	11	14	19	26	47	#
87	685568	0	1	2	3	4	6	9	11	14	16	17	20	21	47	#
88	680682	8	9	11	12	13	14	16	17	18	19	22	23	24	47	#
89	651007	1	2	3	4	5	6	7	8	9	12	14	19	24	47	#
90	636327	1	6	10	11	12	13	16	17	18	21	22	23	24	47	#
91	570004	1	2	3	6	7	10	11	12	16	17	20	21	22	47	#
92	177914	22	23	24	48	#
93	184283	21	22	23	48	#
94	153950	19	23	24	48	#
95	326663	13	16	17	20	21	49	#
96	288924	10	15	16	20	21	49	#
97	237952	12	13	16	17	22	49	#
98	232448	15	16	17	18	20	49	#
99	222214	8	12	13	17	22	49	#
100	205963	3	4	20	21	22	49	#
