%% File generated by CATS v.2.1Fri May 15 12:39:12 2026

%% The CATS webpage is http://robotics.stanford.edu/CATS

%% PARAMETER SETTINGS:
% Goods: 60; Bids: 200; Distribution: regions; Runs: 1; Seed: 1
% Regions Distribution Parameters:
% Max Substitutable Bids = 5
% Removing HV Neighbor   = 0.1
% Adding DIAG Neighbor   = 0.2
% Additional Location    = 0.9
% Jump Probability       = 0.05
% Additivity             = 0.2
% Budget Factor          = 1.5
% Resale Factor          = 0.5
% Uniform Private Value:
%   Deviation            = 0.5
%   Max Good Value       = 100



goods 60
bids 200
dummy 37

0	1703587	0	1	2	3	4	5	6	7	8	9	10	11	12	14	15	16	17	18	19	20	21	23	24	25	26	27	33	34	41	48	60	#
1	2131573	2	3	4	5	12	16	17	18	19	20	23	24	25	26	27	29	30	31	33	34	37	38	39	40	41	45	46	47	48	59	60	#
2	2124245	2	3	4	7	8	9	14	15	16	23	24	26	29	31	32	33	34	35	36	37	38	39	41	42	43	44	45	46	47	48	60	#
3	2010438	2	3	4	5	6	8	9	10	12	16	17	18	19	20	24	25	26	27	31	32	33	34	38	39	40	41	45	46	47	48	60	#
4	1994447	2	3	4	5	6	8	9	10	11	16	18	19	23	24	25	31	32	35	36	37	38	39	43	44	45	46	47	48	56	59	60	#
5	1983291	0	1	2	3	4	5	6	7	8	9	10	12	14	15	16	17	18	21	22	23	24	29	31	33	34	38	41	45	47	48	60	#
6	182831	57	59	61	#
7	210947	54	57	61	#
8	102166	19	59	61	#
9	2325519	2	3	4	5	6	9	10	11	12	13	16	17	18	19	20	23	24	25	26	27	29	30	31	32	33	34	36	38	39	40	41	43	44	45	46	47	48	52	62	#
10	2705933	3	4	6	10	11	12	13	16	17	19	20	23	24	25	26	27	28	30	31	32	33	34	35	36	37	38	39	40	41	42	43	44	45	46	47	48	55	59	62	#
11	2612810	3	4	6	10	11	12	13	14	16	18	19	20	21	23	24	25	26	27	28	29	30	31	32	34	35	36	37	38	39	40	41	42	43	44	45	46	47	48	62	#
12	2516502	2	3	6	9	10	11	12	13	15	16	17	18	19	20	23	24	25	26	27	30	31	32	33	34	35	36	37	38	39	40	41	42	43	44	46	47	48	53	62	#
13	2500655	3	4	6	10	11	12	13	15	16	17	18	19	20	23	24	25	26	27	30	31	32	33	34	35	36	37	38	39	40	41	42	43	44	45	46	47	48	52	62	#
14	2488053	3	4	5	6	10	11	12	13	17	18	19	20	21	23	24	25	26	27	28	29	30	31	32	33	34	35	36	37	38	39	40	41	42	43	44	46	47	48	62	#
15	512597	5	6	11	12	18	19	26	27	33	63	#
16	766738	19	20	25	26	33	34	40	41	59	63	#
17	717014	18	25	26	27	32	33	39	40	47	63	#
18	697740	18	19	20	25	26	27	33	40	41	63	#
19	684571	18	19	24	25	26	33	34	39	40	63	#
20	677928	11	17	18	19	25	26	33	34	41	63	#
21	131912	57	#
22	1359487	11	12	17	18	19	23	24	25	26	29	30	31	32	35	36	37	38	39	40	43	44	45	47	64	#
23	1660084	15	16	17	18	22	23	24	25	29	30	31	34	37	38	39	40	41	44	45	46	47	48	56	64	#
24	1628601	9	11	12	16	17	18	23	24	25	26	29	30	31	32	33	34	37	38	39	40	41	46	47	64	#
25	1578171	9	16	17	20	23	24	25	26	27	29	30	31	33	34	37	38	39	40	41	44	46	47	48	64	#
26	1532406	3	11	12	16	17	18	22	23	24	25	30	31	32	33	37	38	39	40	44	45	46	47	54	64	#
27	1523113	3	11	12	16	17	19	20	24	25	26	27	28	29	30	31	32	34	37	38	39	40	46	47	64	#
28	50333	23	53	#
29	148016	31	38	45	65	#
30	221739	31	38	39	65	#
31	220985	31	39	40	65	#
32	203334	43	44	45	65	#
33	657931	16	23	28	29	30	35	36	42	43	66	#
34	721900	13	20	29	30	35	36	43	44	45	66	#
35	689135	2	3	9	10	16	17	18	23	24	66	#
36	670509	16	22	23	28	29	30	35	36	43	66	#
37	597638	17	18	22	23	24	29	30	31	32	66	#
38	596011	21	28	29	35	36	43	44	45	46	66	#
39	428429	8	9	14	15	16	67	#
40	380759	8	9	15	16	22	67	#
41	371297	7	14	15	16	22	67	#
42	344999	14	15	21	22	28	67	#
43	323629	2	8	9	14	15	67	#
44	250146	2	8	9	16	23	67	#
45	485170	0	2	3	4	8	28	29	35	36	42	43	68	#
46	681054	8	14	15	16	21	22	28	29	30	35	37	68	#
47	638473	28	29	31	32	37	38	39	42	43	44	46	68	#
48	638110	37	38	39	40	41	42	43	44	45	47	52	68	#
49	636789	1	2	3	8	9	10	16	17	22	23	26	68	#
50	611395	31	37	38	39	40	42	43	44	45	46	47	68	#
51	344904	4	5	38	39	45	69	#
52	376092	25	31	32	38	39	69	#
53	361902	3	4	5	10	11	69	#
54	316741	3	4	5	10	12	69	#
55	306817	31	38	43	44	45	69	#
56	299795	23	24	31	38	39	69	#
57	2344389	2	3	4	7	9	10	11	12	14	16	17	18	21	22	23	24	25	26	27	28	29	30	31	32	33	36	37	39	40	41	43	46	47	70	#
58	2416668	2	3	4	5	9	10	11	12	13	16	18	20	21	22	23	24	25	26	28	29	30	31	32	33	34	36	37	40	41	43	46	47	59	70	#
59	2408553	2	3	4	5	9	10	11	16	17	18	21	22	23	24	25	26	27	28	29	30	31	33	34	36	37	39	40	41	43	46	47	48	57	70	#
60	2404131	3	10	11	14	16	17	18	19	20	21	22	23	24	25	26	28	29	30	31	32	33	34	35	36	37	39	40	41	43	44	45	46	47	70	#
61	2394237	2	3	4	5	10	11	12	14	15	16	17	18	21	22	23	24	25	26	28	29	30	31	32	33	34	36	37	39	40	41	44	46	47	70	#
62	2389258	2	3	4	5	10	11	12	13	14	16	21	22	23	24	25	26	28	29	30	31	32	33	34	35	36	37	39	40	41	43	44	46	47	70	#
63	459768	2	9	10	11	41	71	#
64	468597	2	3	9	10	11	71	#
65	444792	2	3	9	15	16	71	#
66	363840	32	38	39	40	41	71	#
67	306454	4	5	11	12	19	71	#
68	70345	35	36	72	#
69	26270	33	36	72	#
70	1245715	0	2	3	7	8	9	10	14	15	16	17	21	22	23	24	25	28	32	35	53	73	#
71	1487519	0	7	14	15	16	17	18	21	22	23	24	25	28	30	31	32	35	39	45	46	73	#
72	1455663	16	17	18	20	24	25	26	27	29	30	31	32	33	34	38	39	40	41	45	46	73	#
73	1433762	0	1	7	14	15	16	20	21	22	23	24	25	26	27	31	32	39	44	45	46	73	#
74	1432474	2	9	15	16	17	18	22	23	24	25	26	29	30	31	32	33	34	39	40	41	73	#
75	1418356	1	7	8	14	15	16	17	18	24	25	26	30	31	32	39	40	43	44	45	46	73	#
76	487816	15	22	23	24	28	29	36	37	43	74	#
77	670422	14	15	22	23	24	28	29	31	32	74	#
78	640380	37	40	41	43	44	45	46	47	48	74	#
79	601999	2	3	7	8	15	16	22	23	29	74	#
80	567784	16	23	24	25	26	31	32	38	39	74	#
81	472209	15	22	28	29	35	36	37	43	44	74	#
82	263568	9	16	23	75	#
83	290892	2	9	16	75	#
84	264289	9	16	35	75	#
85	1554533	1	8	11	12	15	16	17	18	19	22	23	24	25	26	27	29	30	31	32	33	37	38	39	40	76	#
86	1821118	0	2	8	9	10	11	13	15	16	17	18	19	20	22	23	25	26	29	30	32	33	37	44	57	76	#
87	1783726	6	8	9	12	13	16	17	18	19	20	23	25	26	27	31	32	33	38	39	40	41	46	47	48	76	#
88	1764900	4	6	11	13	15	16	17	18	19	20	23	24	25	26	27	30	31	32	33	37	38	39	40	47	76	#
89	1753718	11	13	15	16	17	18	19	20	23	24	25	26	30	31	32	33	38	39	40	41	46	47	48	53	76	#
90	1731513	1	2	8	9	12	13	15	16	17	18	19	20	23	24	25	26	29	30	31	32	33	46	47	48	76	#
91	1480941	0	1	2	7	8	9	10	11	12	14	15	16	21	22	28	29	30	31	35	37	38	77	#
92	1572004	1	2	7	8	14	15	16	21	22	28	29	30	31	32	35	37	38	39	40	46	52	77	#
93	1530122	8	9	15	16	21	22	25	28	29	30	31	32	33	37	38	39	40	41	45	46	54	77	#
94	1527550	0	1	2	7	8	9	10	11	12	14	15	16	21	22	28	29	30	31	32	35	37	77	#
95	1509459	0	1	2	4	7	8	9	10	11	12	14	15	16	21	22	28	29	30	31	35	37	77	#
96	1495069	0	2	4	5	6	7	8	9	10	11	12	13	14	15	16	20	21	28	29	30	31	77	#
97	635491	22	29	30	31	36	37	39	40	78	#
98	733477	30	31	39	40	41	46	47	48	78	#
99	696106	16	17	23	24	30	31	39	46	78	#
100	605850	16	23	24	30	31	38	39	40	78	#
101	590195	16	22	23	24	29	30	31	37	78	#
102	589480	23	24	28	29	30	31	37	55	78	#
103	1761250	2	3	4	5	6	8	9	11	12	13	14	15	16	17	18	19	20	22	23	26	27	28	29	33	36	42	53	79	#
104	1789496	2	3	4	5	6	8	9	12	13	14	15	16	17	18	19	22	23	24	25	26	27	28	31	32	33	38	39	79	#
105	1781310	2	3	4	5	6	8	9	12	13	16	17	18	19	20	25	26	27	28	33	34	35	38	39	41	46	47	48	79	#
106	1742780	5	6	9	12	13	14	15	16	17	18	19	22	23	24	25	26	27	31	32	33	34	38	39	40	41	45	47	79	#
107	1731786	2	3	5	6	9	11	12	13	16	17	18	19	20	24	25	26	27	31	32	33	34	38	39	41	44	45	46	79	#
108	1689039	9	14	15	16	17	18	22	23	24	27	28	29	31	32	33	36	37	38	39	41	42	43	44	45	46	47	48	79	#
109	444556	6	13	20	26	27	34	80	#
110	490737	25	26	27	33	34	41	80	#
111	475249	18	25	26	27	33	34	80	#
112	447092	18	20	25	26	27	34	80	#
113	416913	18	25	26	27	33	40	80	#
114	398530	5	6	10	11	12	13	80	#
115	53814	13	#
116	1623767	5	6	17	18	21	22	24	25	28	29	30	31	32	35	36	38	39	40	43	45	46	47	81	#
117	1849581	11	13	15	17	18	20	22	24	25	26	28	29	30	31	32	33	35	36	38	39	43	51	81	#
118	1824592	2	9	15	22	25	26	28	29	30	31	32	35	36	37	39	40	41	43	45	46	47	48	81	#
119	1795555	4	11	12	15	18	19	22	24	25	26	29	30	31	32	33	38	39	40	45	46	47	48	81	#
120	1771923	17	18	22	24	25	26	29	30	31	32	36	38	39	40	41	42	43	44	45	46	47	48	81	#
121	1765993	15	17	18	22	24	25	26	29	30	31	32	35	36	38	39	40	41	43	44	45	46	53	81	#
122	4367	0	7	#
123	304186	26	31	32	33	82	#
124	361671	26	33	39	40	82	#
125	334719	24	31	32	39	82	#
126	306950	19	24	25	26	82	#
127	218822	17	24	31	32	82	#
128	208359	47	48	83	#
129	199427	46	47	83	#
130	170222	41	48	83	#
131	485807	6	12	13	20	30	37	84	#
132	488346	16	23	28	29	30	37	84	#
133	430172	4	6	11	12	13	20	84	#
134	401536	23	29	30	36	37	44	84	#
135	357809	6	11	12	13	19	20	84	#
136	343016	4	11	12	18	19	25	84	#
137	427392	4	10	11	12	13	85	#
138	428028	3	9	10	11	12	85	#
139	427086	2	3	4	10	11	85	#
140	421631	6	9	11	12	13	85	#
141	412129	4	5	10	11	12	85	#
142	310314	4	5	11	12	27	85	#
143	724297	3	4	8	9	10	11	12	16	18	19	86	#
144	707223	0	1	3	4	8	9	10	14	15	16	86	#
145	701344	12	13	14	15	16	17	18	19	22	25	86	#
146	692891	3	4	11	12	17	18	19	25	26	27	86	#
147	687361	2	3	4	9	10	11	16	17	18	23	86	#
148	646121	3	4	10	11	18	19	24	25	26	27	86	#
149	1108863	0	2	3	7	8	9	10	11	12	16	21	22	23	24	30	32	39	87	#
150	1412910	3	11	16	18	23	24	25	26	30	31	32	33	37	39	42	45	46	87	#
151	1368532	2	3	9	10	11	16	17	18	19	20	23	24	25	30	31	32	39	87	#
152	1345339	8	9	14	15	16	17	23	24	25	26	30	31	32	33	39	45	46	87	#
153	1338282	3	4	9	10	11	12	16	17	18	23	24	25	26	31	32	33	39	87	#
154	1334185	9	10	11	16	17	23	24	25	29	30	31	32	36	37	43	44	45	87	#
155	2537860	0	1	2	3	4	5	6	7	8	9	10	11	12	13	14	15	16	17	18	19	20	21	22	23	24	25	26	27	28	29	30	31	32	33	34	35	36	37	38	39	40	41	42	43	44	45	46	47	48	51	88	#
156	2687370	0	1	2	3	4	5	6	7	8	9	10	11	14	15	16	17	18	19	20	21	22	23	24	25	26	27	28	29	30	31	32	33	34	35	36	37	38	39	40	41	42	43	44	45	46	47	48	51	54	57	88	#
157	2680680	0	1	2	3	4	5	6	7	8	9	10	11	12	14	15	16	17	18	19	21	22	23	24	25	26	27	28	29	30	31	32	33	34	35	36	37	38	39	40	41	42	43	44	45	46	47	48	51	57	58	88	#
158	2675530	0	1	2	3	4	5	6	7	8	9	10	11	12	13	14	15	16	17	18	19	21	22	23	24	25	26	27	28	29	30	31	32	33	34	35	36	37	38	39	40	41	42	43	44	45	46	47	48	55	57	88	#
159	2645376	0	1	2	3	4	5	6	7	8	9	10	11	12	13	14	15	16	17	18	19	20	21	22	23	24	25	26	28	29	30	31	32	33	34	35	36	37	38	39	40	41	42	43	44	45	46	47	48	53	56	88	#
160	2640710	0	1	2	3	4	5	6	7	8	9	10	11	12	13	14	15	16	17	18	19	21	22	23	24	25	26	27	28	29	30	31	32	33	34	35	36	37	38	39	40	41	42	43	44	45	46	47	48	56	57	88	#
161	196711	18	25	89	#
162	172504	25	35	89	#
163	669750	2	8	9	11	15	16	17	18	21	22	24	25	32	90	#
164	888469	2	7	8	9	10	11	14	15	16	17	21	22	29	90	#
165	886210	14	15	16	17	21	22	28	29	35	36	37	45	46	90	#
166	860171	17	20	24	25	26	27	33	34	39	40	41	47	48	90	#
167	852635	10	11	17	18	24	25	32	34	39	40	41	47	48	90	#
168	826533	9	14	15	16	21	22	23	28	29	30	35	36	57	90	#
169	106187	11	12	91	#
170	105401	5	12	91	#
171	79389	10	11	91	#
172	299208	32	33	34	41	92	#
173	254332	19	26	33	34	92	#
174	218320	24	25	31	32	92	#
175	186199	27	33	34	41	92	#
176	124978	27	34	40	41	92	#
177	759664	14	15	21	22	23	30	31	37	42	43	44	93	#
178	888682	4	9	10	11	14	15	16	21	22	23	30	93	#
179	759698	22	23	29	30	31	36	37	38	39	43	44	93	#
180	733635	0	7	16	17	22	23	29	30	31	38	39	93	#
181	712359	30	31	35	36	37	38	39	42	43	44	49	93	#
182	700111	20	23	27	30	31	33	34	39	40	46	47	93	#
183	79993	50	#
184	784852	17	23	24	30	31	32	33	34	39	40	47	94	#
185	860269	4	23	30	31	32	34	39	40	41	46	47	94	#
186	821053	17	24	25	30	31	32	39	40	45	46	47	94	#
187	819554	16	17	23	24	25	30	31	32	35	39	40	94	#
188	792662	16	17	23	24	25	31	32	39	40	46	47	94	#
189	790270	17	22	23	24	31	32	33	34	36	39	40	94	#
190	372616	11	18	25	32	95	#
191	344939	3	4	11	12	95	#
192	331746	25	32	33	40	95	#
193	284407	17	18	25	32	95	#
194	2388970	2	3	4	5	6	9	10	11	12	15	16	17	18	19	20	21	22	23	24	25	26	27	28	29	30	31	32	33	34	35	36	39	40	41	42	43	44	45	46	47	48	96	#
195	2474201	2	4	5	6	7	9	10	11	12	13	14	15	16	17	18	21	22	23	24	25	26	28	29	30	31	32	33	35	36	37	39	40	41	42	43	44	45	46	47	48	54	96	#
196	2461598	2	3	4	5	6	7	10	11	12	14	15	16	17	18	19	20	21	22	23	24	25	26	28	29	30	31	32	33	34	36	37	38	39	41	42	43	44	45	46	47	53	96	#
197	2454491	2	3	4	5	6	7	9	10	11	12	14	15	16	17	18	19	21	22	23	24	25	26	28	29	30	31	32	33	36	37	38	39	40	41	43	44	45	46	47	48	56	96	#
198	2449422	0	2	3	4	5	7	9	10	11	12	14	15	16	17	18	21	22	23	24	25	26	28	29	30	31	32	33	35	36	38	39	40	41	42	43	44	45	46	47	48	57	96	#
199	2445505	2	3	4	5	6	7	9	10	11	12	14	15	16	17	18	20	21	22	23	24	25	26	27	28	29	30	31	32	33	35	36	37	39	40	41	43	44	46	47	50	53	96	#
