%% File generated by CATS v.2.1Fri May 15 12:39:00 2026

%% The CATS webpage is http://robotics.stanford.edu/CATS

%% PARAMETER SETTINGS:
% Goods: 30; Bids: 100; Distribution: scheduling; Runs: 1; Seed: 1
% Scheduling Distribution Parameters:
% max_length                = 10
% deviation                 = 0.500000
% prob_additional_deadline  = 0.700000
% additivity                = 0.200000



goods 30
bids 108
dummy 7

0	9208	0	1	2	3	4	30	#
1	9208	1	2	3	4	5	30	#
2	6577	2	3	4	5	6	30	#
3	6577	3	4	5	6	7	30	#
4	2708	4	5	6	7	8	30	#
5	2708	5	6	7	8	9	30	#
6	2708	6	7	8	9	10	30	#
7	2708	7	8	9	10	11	30	#
8	2708	8	9	10	11	12	30	#
9	2708	9	10	11	12	13	30	#
10	2708	10	11	12	13	14	30	#
11	2708	11	12	13	14	15	30	#
12	2708	12	13	14	15	16	30	#
13	2708	13	14	15	16	17	30	#
14	14991	0	1	2	3	4	5	6	7	8	31	#
15	14991	1	2	3	4	5	6	7	8	9	31	#
16	14991	2	3	4	5	6	7	8	9	10	31	#
17	9994	3	4	5	6	7	8	9	10	11	31	#
18	9994	4	5	6	7	8	9	10	11	12	31	#
19	9994	5	6	7	8	9	10	11	12	13	31	#
20	9994	6	7	8	9	10	11	12	13	14	31	#
21	9994	7	8	9	10	11	12	13	14	15	31	#
22	7495	8	9	10	11	12	13	14	15	16	31	#
23	7495	9	10	11	12	13	14	15	16	17	31	#
24	7495	10	11	12	13	14	15	16	17	18	31	#
25	7495	11	12	13	14	15	16	17	18	19	31	#
26	7495	12	13	14	15	16	17	18	19	20	31	#
27	5552	13	14	15	16	17	18	19	20	21	31	#
28	5552	14	15	16	17	18	19	20	21	22	31	#
29	5552	15	16	17	18	19	20	21	22	23	31	#
30	5552	16	17	18	19	20	21	22	23	24	31	#
31	5552	17	18	19	20	21	22	23	24	25	31	#
32	5552	18	19	20	21	22	23	24	25	26	31	#
33	5552	19	20	21	22	23	24	25	26	27	31	#
34	5169	20	21	22	23	24	25	26	27	28	31	#
35	5169	21	22	23	24	25	26	27	28	29	31	#
36	7075	0	1	2	3	4	5	6	7	8	32	#
37	7075	1	2	3	4	5	6	7	8	9	32	#
38	7075	2	3	4	5	6	7	8	9	10	32	#
39	11300	0	1	2	3	4	5	6	33	#
40	11300	1	2	3	4	5	6	7	33	#
41	11300	2	3	4	5	6	7	8	33	#
42	11300	3	4	5	6	7	8	9	33	#
43	11300	4	5	6	7	8	9	10	33	#
44	11300	5	6	7	8	9	10	11	33	#
45	11300	6	7	8	9	10	11	12	33	#
46	11300	7	8	9	10	11	12	13	33	#
47	11300	8	9	10	11	12	13	14	33	#
48	11300	9	10	11	12	13	14	15	33	#
49	11300	10	11	12	13	14	15	16	33	#
50	11300	11	12	13	14	15	16	17	33	#
51	11300	12	13	14	15	16	17	18	33	#
52	11300	13	14	15	16	17	18	19	33	#
53	7719	0	1	2	3	34	#
54	7719	1	2	3	4	34	#
55	7719	2	3	4	5	34	#
56	7719	3	4	5	6	34	#
57	7719	4	5	6	7	34	#
58	7719	5	6	7	8	34	#
59	7719	6	7	8	9	34	#
60	7719	7	8	9	10	34	#
61	7719	8	9	10	11	34	#
62	7719	9	10	11	12	34	#
63	3859	10	11	12	13	34	#
64	3859	11	12	13	14	34	#
65	3859	12	13	14	15	34	#
66	3859	13	14	15	16	34	#
67	3859	14	15	16	17	34	#
68	3859	15	16	17	18	34	#
69	3859	16	17	18	19	34	#
70	3859	17	18	19	20	34	#
71	3859	18	19	20	21	34	#
72	3859	19	20	21	22	34	#
73	3859	20	21	22	23	34	#
74	3859	21	22	23	24	34	#
75	3705	22	23	24	25	34	#
76	3431	23	24	25	26	34	#
77	3431	24	25	26	27	34	#
78	3308	25	26	27	28	34	#
79	3194	26	27	28	29	34	#
80	1203	0	35	#
81	1203	1	35	#
82	1203	2	35	#
83	1203	3	35	#
84	1203	4	35	#
85	1203	5	35	#
86	1203	6	35	#
87	1203	7	35	#
88	1203	8	35	#
89	1203	9	35	#
90	1203	10	35	#
91	1203	11	35	#
92	6226	0	1	2	3	36	#
93	6226	1	2	3	4	36	#
94	6226	2	3	4	5	36	#
95	6226	3	4	5	6	36	#
96	6226	4	5	6	7	36	#
97	6226	5	6	7	8	36	#
98	6226	6	7	8	9	36	#
99	6226	7	8	9	10	36	#
100	6226	8	9	10	11	36	#
101	6226	9	10	11	12	36	#
102	6226	10	11	12	13	36	#
103	6226	11	12	13	14	36	#
104	6226	12	13	14	15	36	#
105	6226	13	14	15	16	36	#
106	6226	14	15	16	17	36	#
107	6226	15	16	17	18	36	#
