%% File generated by CATS v.2.1Fri May 15 12:39:00 2026

%% The CATS webpage is http://robotics.stanford.edu/CATS

%% PARAMETER SETTINGS:
% Goods: 30; Bids: 100; Distribution: scheduling; Runs: 1; Seed: 2
% Scheduling Distribution Parameters:
% max_length                = 10
% deviation                 = 0.500000
% prob_additional_deadline  = 0.700000
% additivity                = 0.200000



goods 30
bids 101
dummy 4

0	5665	0	1	2	3	30	#
1	5665	1	2	3	4	30	#
2	5665	2	3	4	5	30	#
3	5665	3	4	5	6	30	#
4	5665	4	5	6	7	30	#
5	5665	5	6	7	8	30	#
6	5665	6	7	8	9	30	#
7	5665	7	8	9	10	30	#
8	5665	8	9	10	11	30	#
9	5665	9	10	11	12	30	#
10	5665	10	11	12	13	30	#
11	5665	11	12	13	14	30	#
12	5665	12	13	14	15	30	#
13	5665	13	14	15	16	30	#
14	5665	14	15	16	17	30	#
15	5665	15	16	17	18	30	#
16	5665	16	17	18	19	30	#
17	5665	17	18	19	20	30	#
18	5665	18	19	20	21	30	#
19	5665	19	20	21	22	30	#
20	5665	20	21	22	23	30	#
21	5665	21	22	23	24	30	#
22	5665	22	23	24	25	30	#
23	5665	23	24	25	26	30	#
24	5260	24	25	26	27	30	#
25	5260	25	26	27	28	30	#
26	5079	26	27	28	29	30	#
27	23575	0	1	2	3	4	5	6	7	8	9	31	#
28	23575	1	2	3	4	5	6	7	8	9	10	31	#
29	23575	2	3	4	5	6	7	8	9	10	11	31	#
30	23575	3	4	5	6	7	8	9	10	11	12	31	#
31	23575	4	5	6	7	8	9	10	11	12	13	31	#
32	23575	5	6	7	8	9	10	11	12	13	14	31	#
33	23575	6	7	8	9	10	11	12	13	14	15	31	#
34	23575	7	8	9	10	11	12	13	14	15	16	31	#
35	23575	8	9	10	11	12	13	14	15	16	17	31	#
36	23575	9	10	11	12	13	14	15	16	17	18	31	#
37	23575	10	11	12	13	14	15	16	17	18	19	31	#
38	23575	11	12	13	14	15	16	17	18	19	20	31	#
39	23575	12	13	14	15	16	17	18	19	20	21	31	#
40	23575	13	14	15	16	17	18	19	20	21	22	31	#
41	23575	14	15	16	17	18	19	20	21	22	23	31	#
42	23575	15	16	17	18	19	20	21	22	23	24	31	#
43	23575	16	17	18	19	20	21	22	23	24	25	31	#
44	23575	17	18	19	20	21	22	23	24	25	26	31	#
45	23575	18	19	20	21	22	23	24	25	26	27	31	#
46	23575	19	20	21	22	23	24	25	26	27	28	31	#
47	1007	0	32	#
48	1007	1	32	#
49	1007	2	32	#
50	1007	3	32	#
51	1007	4	32	#
52	1007	5	32	#
53	1007	6	32	#
54	1007	7	32	#
55	1007	8	32	#
56	1007	9	32	#
57	313	10	32	#
58	313	11	32	#
59	313	12	32	#
60	313	13	32	#
61	313	14	32	#
62	313	15	32	#
63	313	16	32	#
64	313	17	32	#
65	313	18	32	#
66	313	19	32	#
67	313	20	32	#
68	313	21	32	#
69	313	22	32	#
70	313	23	32	#
71	313	24	32	#
72	313	25	32	#
73	313	26	32	#
74	313	27	32	#
75	313	28	32	#
76	313	29	32	#
77	4815	0	1	2	3	4	33	#
78	4815	1	2	3	4	5	33	#
79	4815	2	3	4	5	6	33	#
80	4815	3	4	5	6	7	33	#
81	4815	4	5	6	7	8	33	#
82	4815	5	6	7	8	9	33	#
83	4815	6	7	8	9	10	33	#
84	4815	7	8	9	10	11	33	#
85	4815	8	9	10	11	12	33	#
86	4815	9	10	11	12	13	33	#
87	4815	10	11	12	13	14	33	#
88	4815	11	12	13	14	15	33	#
89	4815	12	13	14	15	16	33	#
90	4815	13	14	15	16	17	33	#
91	4815	14	15	16	17	18	33	#
92	4815	15	16	17	18	19	33	#
93	3388	16	17	18	19	20	33	#
94	3388	17	18	19	20	21	33	#
95	3388	18	19	20	21	22	33	#
96	3388	19	20	21	22	23	33	#
97	3388	20	21	22	23	24	33	#
98	3388	21	22	23	24	25	33	#
99	3388	22	23	24	25	26	33	#
100	3388	23	24	25	26	27	33	#
