%% File generated by CATS v.2.1Fri May 15 12:39:00 2026

%% The CATS webpage is http://robotics.stanford.edu/CATS

%% PARAMETER SETTINGS:
% Goods: 30; Bids: 100; Distribution: scheduling; Runs: 1; Seed: 3
% Scheduling Distribution Parameters:
% max_length                = 10
% deviation                 = 0.500000
% prob_additional_deadline  = 0.700000
% additivity                = 0.200000



goods 30
bids 108
dummy 5

0	4284	0	1	2	3	30	#
1	536	1	2	3	4	30	#
2	536	2	3	4	5	30	#
3	536	3	4	5	6	30	#
4	536	4	5	6	7	30	#
5	536	5	6	7	8	30	#
6	536	6	7	8	9	30	#
7	536	7	8	9	10	30	#
8	536	8	9	10	11	30	#
9	536	9	10	11	12	30	#
10	536	10	11	12	13	30	#
11	536	11	12	13	14	30	#
12	536	12	13	14	15	30	#
13	536	13	14	15	16	30	#
14	536	14	15	16	17	30	#
15	536	15	16	17	18	30	#
16	536	16	17	18	19	30	#
17	536	17	18	19	20	30	#
18	536	18	19	20	21	30	#
19	536	19	20	21	22	30	#
20	536	20	21	22	23	30	#
21	536	21	22	23	24	30	#
22	443	22	23	24	25	30	#
23	443	23	24	25	26	30	#
24	443	24	25	26	27	30	#
25	443	25	26	27	28	30	#
26	443	26	27	28	29	30	#
27	15484	0	1	2	3	4	5	6	7	8	31	#
28	15484	1	2	3	4	5	6	7	8	9	31	#
29	15484	2	3	4	5	6	7	8	9	10	31	#
30	15484	3	4	5	6	7	8	9	10	11	31	#
31	15484	4	5	6	7	8	9	10	11	12	31	#
32	15484	5	6	7	8	9	10	11	12	13	31	#
33	15484	6	7	8	9	10	11	12	13	14	31	#
34	15484	7	8	9	10	11	12	13	14	15	31	#
35	15484	8	9	10	11	12	13	14	15	16	31	#
36	15484	9	10	11	12	13	14	15	16	17	31	#
37	15484	10	11	12	13	14	15	16	17	18	31	#
38	15484	11	12	13	14	15	16	17	18	19	31	#
39	15484	12	13	14	15	16	17	18	19	20	31	#
40	15484	13	14	15	16	17	18	19	20	21	31	#
41	15484	14	15	16	17	18	19	20	21	22	31	#
42	15484	15	16	17	18	19	20	21	22	23	31	#
43	15484	16	17	18	19	20	21	22	23	24	31	#
44	15484	17	18	19	20	21	22	23	24	25	31	#
45	15484	18	19	20	21	22	23	24	25	26	31	#
46	14910	19	20	21	22	23	24	25	26	27	31	#
47	13882	20	21	22	23	24	25	26	27	28	31	#
48	13882	21	22	23	24	25	26	27	28	29	31	#
49	8937	0	1	2	3	4	5	6	7	8	9	32	#
50	8937	1	2	3	4	5	6	7	8	9	10	32	#
51	8937	2	3	4	5	6	7	8	9	10	11	32	#
52	8937	3	4	5	6	7	8	9	10	11	12	32	#
53	8937	4	5	6	7	8	9	10	11	12	13	32	#
54	8937	5	6	7	8	9	10	11	12	13	14	32	#
55	8937	6	7	8	9	10	11	12	13	14	15	32	#
56	8937	7	8	9	10	11	12	13	14	15	16	32	#
57	8937	8	9	10	11	12	13	14	15	16	17	32	#
58	8937	9	10	11	12	13	14	15	16	17	18	32	#
59	8937	10	11	12	13	14	15	16	17	18	19	32	#
60	8937	11	12	13	14	15	16	17	18	19	20	32	#
61	8937	12	13	14	15	16	17	18	19	20	21	32	#
62	8937	13	14	15	16	17	18	19	20	21	22	32	#
63	8937	14	15	16	17	18	19	20	21	22	23	32	#
64	3411	0	1	2	33	#
65	3411	1	2	3	33	#
66	3411	2	3	4	33	#
67	3411	3	4	5	33	#
68	3411	4	5	6	33	#
69	3411	5	6	7	33	#
70	3411	6	7	8	33	#
71	3411	7	8	9	33	#
72	3411	8	9	10	33	#
73	3411	9	10	11	33	#
74	3411	10	11	12	33	#
75	3411	11	12	13	33	#
76	3411	12	13	14	33	#
77	3411	13	14	15	33	#
78	3411	14	15	16	33	#
79	3411	15	16	17	33	#
80	3411	16	17	18	33	#
81	3411	17	18	19	33	#
82	3411	18	19	20	33	#
83	3411	19	20	21	33	#
84	3411	20	21	22	33	#
85	3411	21	22	23	33	#
86	20081	0	1	2	3	4	5	6	7	8	34	#
87	20081	1	2	3	4	5	6	7	8	9	34	#
88	20081	2	3	4	5	6	7	8	9	10	34	#
89	20081	3	4	5	6	7	8	9	10	11	34	#
90	13806	4	5	6	7	8	9	10	11	12	34	#
91	13806	5	6	7	8	9	10	11	12	13	34	#
92	13806	6	7	8	9	10	11	12	13	14	34	#
93	13806	7	8	9	10	11	12	13	14	15	34	#
94	13806	8	9	10	11	12	13	14	15	16	34	#
95	12272	9	10	11	12	13	14	15	16	17	34	#
96	12272	10	11	12	13	14	15	16	17	18	34	#
97	11626	11	12	13	14	15	16	17	18	19	34	#
98	9204	12	13	14	15	16	17	18	19	20	34	#
99	9204	13	14	15	16	17	18	19	20	21	34	#
100	9204	14	15	16	17	18	19	20	21	22	34	#
101	9204	15	16	17	18	19	20	21	22	23	34	#
102	9204	16	17	18	19	20	21	22	23	24	34	#
103	7889	17	18	19	20	21	22	23	24	25	34	#
104	7889	18	19	20	21	22	23	24	25	26	34	#
105	7889	19	20	21	22	23	24	25	26	27	34	#
106	7889	20	21	22	23	24	25	26	27	28	34	#
107	7617	21	22	23	24	25	26	27	28	29	34	#
