%% File generated by CATS v.2.1Fri May 15 12:39:12 2026

%% The CATS webpage is http://robotics.stanford.edu/CATS

%% PARAMETER SETTINGS:
% Goods: 60; Bids: 200; Distribution: scheduling; Runs: 1; Seed: 1
% Scheduling Distribution Parameters:
% max_length                = 10
% deviation                 = 0.500000
% prob_additional_deadline  = 0.700000
% additivity                = 0.200000



goods 60
bids 204
dummy 4

0	9208	0	1	2	3	4	60	#
1	9208	1	2	3	4	5	60	#
2	9208	2	3	4	5	6	60	#
3	9208	3	4	5	6	7	60	#
4	9208	4	5	6	7	8	60	#
5	9208	5	6	7	8	9	60	#
6	9208	6	7	8	9	10	60	#
7	9208	7	8	9	10	11	60	#
8	9208	8	9	10	11	12	60	#
9	9208	9	10	11	12	13	60	#
10	9208	10	11	12	13	14	60	#
11	9208	11	12	13	14	15	60	#
12	9208	12	13	14	15	16	60	#
13	9208	13	14	15	16	17	60	#
14	9208	14	15	16	17	18	60	#
15	9208	15	16	17	18	19	60	#
16	9208	16	17	18	19	20	60	#
17	9208	17	18	19	20	21	60	#
18	9208	18	19	20	21	22	60	#
19	9208	19	20	21	22	23	60	#
20	9208	20	21	22	23	24	60	#
21	9208	21	22	23	24	25	60	#
22	9208	22	23	24	25	26	60	#
23	9208	23	24	25	26	27	60	#
24	9208	24	25	26	27	28	60	#
25	9208	25	26	27	28	29	60	#
26	9208	26	27	28	29	30	60	#
27	9208	27	28	29	30	31	60	#
28	9208	28	29	30	31	32	60	#
29	9208	29	30	31	32	33	60	#
30	9208	30	31	32	33	34	60	#
31	9208	31	32	33	34	35	60	#
32	9208	32	33	34	35	36	60	#
33	9208	33	34	35	36	37	60	#
34	9208	34	35	36	37	38	60	#
35	9208	35	36	37	38	39	60	#
36	9208	36	37	38	39	40	60	#
37	9208	37	38	39	40	41	60	#
38	9208	38	39	40	41	42	60	#
39	9208	39	40	41	42	43	60	#
40	9208	40	41	42	43	44	60	#
41	9208	41	42	43	44	45	60	#
42	9208	42	43	44	45	46	60	#
43	9208	43	44	45	46	47	60	#
44	9208	44	45	46	47	48	60	#
45	9208	45	46	47	48	49	60	#
46	9208	46	47	48	49	50	60	#
47	9208	47	48	49	50	51	60	#
48	9208	48	49	50	51	52	60	#
49	9208	49	50	51	52	53	60	#
50	9208	50	51	52	53	54	60	#
51	9208	51	52	53	54	55	60	#
52	9208	52	53	54	55	56	60	#
53	9208	53	54	55	56	57	60	#
54	8896	54	55	56	57	58	60	#
55	8896	55	56	57	58	59	60	#
56	12797	0	1	2	3	4	5	61	#
57	12797	1	2	3	4	5	6	61	#
58	12797	2	3	4	5	6	7	61	#
59	12797	3	4	5	6	7	8	61	#
60	12797	4	5	6	7	8	9	61	#
61	12797	5	6	7	8	9	10	61	#
62	12797	6	7	8	9	10	11	61	#
63	12797	7	8	9	10	11	12	61	#
64	12797	8	9	10	11	12	13	61	#
65	12797	9	10	11	12	13	14	61	#
66	12797	10	11	12	13	14	15	61	#
67	7678	11	12	13	14	15	16	61	#
68	7678	12	13	14	15	16	17	61	#
69	7678	13	14	15	16	17	18	61	#
70	7678	14	15	16	17	18	19	61	#
71	7678	15	16	17	18	19	20	61	#
72	7678	16	17	18	19	20	21	61	#
73	7678	17	18	19	20	21	22	61	#
74	7678	18	19	20	21	22	23	61	#
75	7678	19	20	21	22	23	24	61	#
76	7678	20	21	22	23	24	25	61	#
77	4570	21	22	23	24	25	26	61	#
78	4570	22	23	24	25	26	27	61	#
79	4570	23	24	25	26	27	28	61	#
80	4570	24	25	26	27	28	29	61	#
81	4570	25	26	27	28	29	30	61	#
82	4570	26	27	28	29	30	31	61	#
83	4570	27	28	29	30	31	32	61	#
84	4570	28	29	30	31	32	33	61	#
85	4570	29	30	31	32	33	34	61	#
86	4570	30	31	32	33	34	35	61	#
87	4570	31	32	33	34	35	36	61	#
88	4570	32	33	34	35	36	37	61	#
89	4570	33	34	35	36	37	38	61	#
90	4570	34	35	36	37	38	39	61	#
91	4570	35	36	37	38	39	40	61	#
92	4570	36	37	38	39	40	41	61	#
93	4570	37	38	39	40	41	42	61	#
94	3490	38	39	40	41	42	43	61	#
95	3490	39	40	41	42	43	44	61	#
96	3490	40	41	42	43	44	45	61	#
97	3490	41	42	43	44	45	46	61	#
98	3490	42	43	44	45	46	47	61	#
99	3490	43	44	45	46	47	48	61	#
100	3490	44	45	46	47	48	49	61	#
101	3490	45	46	47	48	49	50	61	#
102	3490	46	47	48	49	50	51	61	#
103	3490	47	48	49	50	51	52	61	#
104	3490	48	49	50	51	52	53	61	#
105	3490	49	50	51	52	53	54	61	#
106	3490	50	51	52	53	54	55	61	#
107	3428	51	52	53	54	55	56	61	#
108	3368	52	53	54	55	56	57	61	#
109	3253	53	54	55	56	57	58	61	#
110	3253	54	55	56	57	58	59	61	#
111	7075	0	1	2	3	4	5	6	7	8	62	#
112	7075	1	2	3	4	5	6	7	8	9	62	#
113	7075	2	3	4	5	6	7	8	9	10	62	#
114	7075	3	4	5	6	7	8	9	10	11	62	#
115	7075	4	5	6	7	8	9	10	11	12	62	#
116	7075	5	6	7	8	9	10	11	12	13	62	#
117	7075	6	7	8	9	10	11	12	13	14	62	#
118	7075	7	8	9	10	11	12	13	14	15	62	#
119	7075	8	9	10	11	12	13	14	15	16	62	#
120	7075	9	10	11	12	13	14	15	16	17	62	#
121	7075	10	11	12	13	14	15	16	17	18	62	#
122	7075	11	12	13	14	15	16	17	18	19	62	#
123	7075	12	13	14	15	16	17	18	19	20	62	#
124	7075	13	14	15	16	17	18	19	20	21	62	#
125	7075	14	15	16	17	18	19	20	21	22	62	#
126	7075	15	16	17	18	19	20	21	22	23	62	#
127	7075	16	17	18	19	20	21	22	23	24	62	#
128	7075	17	18	19	20	21	22	23	24	25	62	#
129	7075	18	19	20	21	22	23	24	25	26	62	#
130	7075	19	20	21	22	23	24	25	26	27	62	#
131	7075	20	21	22	23	24	25	26	27	28	62	#
132	7075	21	22	23	24	25	26	27	28	29	62	#
133	7075	22	23	24	25	26	27	28	29	30	62	#
134	7075	23	24	25	26	27	28	29	30	31	62	#
135	7075	24	25	26	27	28	29	30	31	32	62	#
136	7075	25	26	27	28	29	30	31	32	33	62	#
137	7075	26	27	28	29	30	31	32	33	34	62	#
138	7075	27	28	29	30	31	32	33	34	35	62	#
139	7075	28	29	30	31	32	33	34	35	36	62	#
140	7075	29	30	31	32	33	34	35	36	37	62	#
141	7075	30	31	32	33	34	35	36	37	38	62	#
142	7075	31	32	33	34	35	36	37	38	39	62	#
143	7075	32	33	34	35	36	37	38	39	40	62	#
144	7075	33	34	35	36	37	38	39	40	41	62	#
145	7075	34	35	36	37	38	39	40	41	42	62	#
146	7075	35	36	37	38	39	40	41	42	43	62	#
147	7075	36	37	38	39	40	41	42	43	44	62	#
148	7075	37	38	39	40	41	42	43	44	45	62	#
149	7075	38	39	40	41	42	43	44	45	46	62	#
150	7075	39	40	41	42	43	44	45	46	47	62	#
151	7075	40	41	42	43	44	45	46	47	48	62	#
152	7075	41	42	43	44	45	46	47	48	49	62	#
153	7075	42	43	44	45	46	47	48	49	50	62	#
154	11300	0	1	2	3	4	5	6	63	#
155	11300	1	2	3	4	5	6	7	63	#
156	11300	2	3	4	5	6	7	8	63	#
157	11300	3	4	5	6	7	8	9	63	#
158	11300	4	5	6	7	8	9	10	63	#
159	11300	5	6	7	8	9	10	11	63	#
160	11300	6	7	8	9	10	11	12	63	#
161	11300	7	8	9	10	11	12	13	63	#
162	11300	8	9	10	11	12	13	14	63	#
163	11300	9	10	11	12	13	14	15	63	#
164	11300	10	11	12	13	14	15	16	63	#
165	11300	11	12	13	14	15	16	17	63	#
166	11300	12	13	14	15	16	17	18	63	#
167	11300	13	14	15	16	17	18	19	63	#
168	11300	14	15	16	17	18	19	20	63	#
169	11300	15	16	17	18	19	20	21	63	#
170	11300	16	17	18	19	20	21	22	63	#
171	11300	17	18	19	20	21	22	23	63	#
172	11300	18	19	20	21	22	23	24	63	#
173	11300	19	20	21	22	23	24	25	63	#
174	11300	20	21	22	23	24	25	26	63	#
175	11300	21	22	23	24	25	26	27	63	#
176	11300	22	23	24	25	26	27	28	63	#
177	11300	23	24	25	26	27	28	29	63	#
178	11300	24	25	26	27	28	29	30	63	#
179	11300	25	26	27	28	29	30	31	63	#
180	11300	26	27	28	29	30	31	32	63	#
181	11300	27	28	29	30	31	32	33	63	#
182	11300	28	29	30	31	32	33	34	63	#
183	11300	29	30	31	32	33	34	35	63	#
184	11300	30	31	32	33	34	35	36	63	#
185	11300	31	32	33	34	35	36	37	63	#
186	11300	32	33	34	35	36	37	38	63	#
187	11300	33	34	35	36	37	38	39	63	#
188	11300	34	35	36	37	38	39	40	63	#
189	11300	35	36	37	38	39	40	41	63	#
190	11300	36	37	38	39	40	41	42	63	#
191	11300	37	38	39	40	41	42	43	63	#
192	11300	38	39	40	41	42	43	44	63	#
193	11300	39	40	41	42	43	44	45	63	#
194	11300	40	41	42	43	44	45	46	63	#
195	11300	41	42	43	44	45	46	47	63	#
196	11300	42	43	44	45	46	47	48	63	#
197	11300	43	44	45	46	47	48	49	63	#
198	11300	44	45	46	47	48	49	50	63	#
199	11300	45	46	47	48	49	50	51	63	#
200	11300	46	47	48	49	50	51	52	63	#
201	11300	47	48	49	50	51	52	53	63	#
202	11300	48	49	50	51	52	53	54	63	#
203	11300	49	50	51	52	53	54	55	63	#
